76561197972491988
76561197960265738
76561198088081180
76561198024402255
76561198008486962
76561197998511283
76561197985607672
76561198035422241
76561198071493110
76561197991899002
76561198001033415
76561197961298542
76561197970961357
76561197987090062
76561197961786669
76561197960794555
76561198053398526
76561197967653490
76561197969918174
76561197960951084
76561197970110818
76561197978136978
76561197961963491
76561197964093969
76561197971155734
76561197975664861
76561198150491856
76561198126302087
76561198271401693
76561198419243626
76561198079290713
76561198871473370
76561198398799301
76561198820816240
76561198814040236
76561198417522897
76561198374222317
76561198417801731
76561198422842385
76561198445238798
76561198383269779
76561197961071799
76561198300553734
76561197961738280
76561198403421653
76561198859151340
76561198382390407
76561198084955985
76561198256754555
76561198075696944
76561198341067161
76561198284007417
76561198313653538
76561198165251668
76561198125168798
76561198147366377
76561198056713994
76561198400949993
76561198052720649
76561198390197915
76561198003411589
76561198012820040
76561198161313919
76561198369867534
76561198114306541
76561198045767883
76561198305384967
76561198158218177
76561198158607141
76561197966410101
76561197963335749
76561198140832546
76561198082104608
76561198271107787
76561198025674597
76561198070173565
76561198180616002
76561198080447932
76561198082294353
76561198072930890
76561198352418276
76561198035618490
76561198064601496
76561198067487103
76561198753448869
76561198028788575
76561198051796342
76561198093009248
76561198377504376
76561198441916056
76561198164301677
76561198347514982
76561198029941471
76561198031245912
76561197970632517
76561197995469323
76561198016359649
76561198143379642
76561198825671074
76561198123586284
76561198004346216
76561198005812984
76561198124366656
76561198091777740
76561198110755368
76561198127919917
76561198071275318
76561198135538562
76561197998533195
76561198873993548
76561198000401432
76561198034072369
76561198224379040
76561198511066905
76561198041718753
76561198122845515
76561197961795981
76561198003639861
76561198010256348
76561198064617502
76561198393879491
76561198058659392
76561198086953249
76561198137531134
76561197989535322
76561198033406844
76561197981243901
76561198275957626
76561198202563734
76561198138947749
76561198194229228
76561198042814444
76561198116684879
76561198344611752
76561198072738236
76561198045766837
76561198038108722
76561198393337850
76561198085022440
76561198236609102
76561198153917650
76561198061080859
76561198042362583
76561198026484510
76561197988273412
76561198829655760
76561198582379375
76561198300845323
76561198087297612
76561198258016466
76561197996254731
76561198005521174
76561198094465270
76561198069570820
76561198024964428
76561197967913064
76561198149910556
76561198130730000
76561197997017009
76561198411916317
76561198829864565
76561198133709392
76561198089188446
76561198977957418
76561198327467619
76561198242748594
76561198024832165
76561198867301864
76561198012395163
76561197999096660
76561198177760663
76561198172459457
76561198847793847
76561198825858098
76561198162156445
76561198211622639
76561198059713299
76561198066053523
76561198107425637
76561198047547807
76561198029311153
76561198197352563
76561198066310982
76561198823175220
76561198219712777
76561198254580353
76561198152134027
76561198115730440
76561198142708942
76561198131217552
76561198178904897
76561198349081121
76561198073240554
76561197986101591
76561198269582411
76561198849336921
76561198049086304
76561198360262850
76561198941482764
76561198371775521
76561198033268220
76561198313822921
76561198264420615
76561198366138619
76561198130703545
76561198108588159
76561197960469487
76561198213435415
76561198838473903
76561198024218697
76561198351118640
76561198345139003
76561198103434171
76561198107103812
76561198288925205
76561198011637777
76561198218129191
76561198363522049
76561198257051532
76561198280356890
76561198324573368
76561198975662373
76561198124188936
76561198041680219
76561198185847477
76561198022489933
76561198071800585
76561198254500963
76561198206785593
76561197996317667
76561198303710152
76561198322690767
76561198126160769
76561198104005747
76561198038047204
76561198128520554
76561198132816174
76561198009378200
76561198137435708
76561198038609662
76561198122365565
76561198218018187
76561198039857651
76561198059729687
76561198358991655
76561198035746952
76561198153001475
76561198166334234
76561198343209738
76561198058584553
76561198038050638
76561198003406791
76561198233906156
76561198098823138
76561198014928916
76561197972279568
76561198088754207
76561198451435307
76561198017082605
76561198086947618
76561197987064817
76561198275279228
76561198425071277
76561198319831935
76561198282626635
76561198293042615
76561198293795664
76561198060821843
76561198078772275
76561198060374516
76561198442984393
76561198110447970
76561198415997387
76561198832785213
76561198202422324
76561198182638301
76561198327407952
76561198156126495
76561198138913207
76561198847954345
76561198131807181
76561198189818438
76561198286249299
76561198071972186
76561198438220974
76561198086689639
76561197997232041
76561198063900962
76561198022590453
76561198838541933
76561198075057807
76561198127689645
76561197960338141
76561198413696784
76561198315228987
76561198076737490
76561198852490367
76561198074978605
76561198077038422
76561198175735326
76561198394881275
76561198073852579
76561198165562542
76561198195042937
76561198036012669
76561198211290956
76561198189176954
76561198031124093
76561198332982940
76561198173486362
76561198049632772
76561198331713541
76561198073208446
76561198174148443
76561198184200773
76561198849712788
76561198040191802
76561198103445672
76561198169579991
76561198193884521
76561198123701353
76561198218837676
76561198151135716
76561198035755039
76561198970869536
76561198081321467
76561198205744633
76561198102792570
76561198077732352
76561198305210285
76561198005531434
76561198083277671
76561198283057646
76561198133238155
76561198149030247
76561198072904221
76561198087351966
76561198059909778
76561198303918965
76561198112150721
76561198029737105
76561198413444123
76561198042881856
76561198273897438
76561197986100004
76561197994961512
76561197991868431
76561198823475297
76561198105014472
76561198082918641
76561198065583999
76561198190745271
76561198139754697
76561198083629763
76561198096787364
76561198057167660
76561198132291045
76561198086756518
76561198014745747
76561198401490338
76561198930197110
76561198129460948
76561197983703467
76561198798713730
76561198220207411
76561198252464024
76561198181112643
76561198135824374
76561198361888703
76561198097967787
76561198055820319
76561198394381765
76561198105609301
76561198795520773
76561198081750765
76561198310020664
76561197973867517
76561198241218806
76561198385048815
76561198354366374
76561198373752583
76561198076570487
76561198194879529
76561198162229738
76561198193954541
76561198414698994
76561198131956158
76561198124396623
76561198054594528
76561198084603964
76561198121412242
76561198027816387
76561198271086154
76561197963424578
76561198136699109
76561198149300749
76561198008397920
76561198309443886
76561198157088346
76561198124748224
76561197978069815
76561198047040565
76561198161743403
76561198110237117
76561198122662931
76561198190786446
76561198116635032
76561198112774059
76561198338777893
76561198231066728
76561198109548198
76561198214208581
76561198354444342
76561198295434773
76561198129918617
76561198417284829
76561198201213322
76561198230788884
76561198288259711
76561198344427566
76561198042454056
76561198195375997
76561198052238804
76561198180566319
76561198085241128
76561198084398074
76561198093022277
76561198202084574
76561198050248183
76561198127528406
76561198280549959
76561198286454360
76561198003518319
76561198141070833
76561198355962076
76561198206979543
76561198142742573
76561198040138893
76561198308677372
76561198172160557
76561197980937085
76561198087228691
76561198018253407
76561198108283692
76561197995246580
76561198019581817
76561198050904090
76561198139785530
76561198185938327
76561198043425156
76561198073324054
76561198201947611
76561198065696528
76561198345517273
76561198298246370
76561198080047950
76561198137401520
76561198187666365
76561198131282076
76561198137779145
76561198104160386
76561198149601415
76561198207728687
76561198392290578
76561198146175240
76561198828221809
76561198210503927
76561198133760412
76561198108143835
76561198048456634
76561198365494710
76561198213405689
76561198339814363
76561198159611454
76561198133918583
76561198079805063
76561198796195734
76561198274958887
76561198198232705
76561198399633154
76561198364481797
76561198125777057
76561198237476102
76561198311419361
76561198385284973
76561198101155058
76561198069082502
76561198031187902
76561198297941150
76561198210563509
76561198258727739
76561198120980181
76561198167379868
76561198325842312
76561198166870655
76561198058119961
76561198070988824
76561198887997287
76561198452716380
76561198253735282
76561198352797728
76561198212813180
76561198075087238
76561198267354961
76561198838652754
76561198054617377
76561198261097693
76561198124885669
76561198051910907
76561197996516908
76561198146190899
76561198151658875
76561198109983142
76561198334022200
76561198219302828
76561198263008942
76561198238076210
76561198091497552
76561198106640793
76561198186680353
76561198841396762
76561198250385718
76561198034052385
76561197962048736
76561198138028884
76561198024826130
76561198144279918
76561198047381983
76561198108570555
76561198134944838
76561198217933451
76561198126256536
76561198281456123
76561198312198817
76561198271459943
76561198810577589
76561198097127596
76561198042815850
76561198099066293
76561198216096255
76561198263233370
76561198849851673
76561198120916282
76561198827526671
76561198383537663
76561198082013612
76561198133956900
76561198207992275
76561198174148342
76561198122694726
76561198021151037
76561198327119165
76561198843150593
76561198282424780
76561198183660442
76561198045947143
76561198304803860
76561198347518485
76561198274626373
76561198038192248
76561198190399513
76561198182133423
76561198391306862
76561198843669231
76561198068624444
76561198825758637
76561198120981670
76561198116788450
76561198090829520
76561198048654397
76561197996023719
76561198258639152
76561198320742014
76561197995654358
76561198074930090
76561198178724790
76561198116170403
76561198153483590
76561198105538059
76561198105719611
76561198396409516
76561198027659211
76561198356730786
76561198171458390
76561198268495058
76561198041555525
76561198152166306
76561198098630521
76561198845781530
76561198095370574
76561198159259709
76561198100229664
76561198169424508
76561198182281637
76561198278867390
76561198066640141
76561198288447909
76561198171558549
76561198075458892
76561198113322993
76561198384194957
76561198061803653
76561198017249232
76561198132522094
76561198406412389
76561198814648577
76561198115480263
76561198013631353
76561198085811583
76561198261768554
76561198079851228
76561198173803115
76561198065456520
76561198016821906
76561198182892209
76561198402119680
76561198273963982
76561198274401097
76561198444020837
76561198143572860
76561198068833634
76561198368228559
76561198406144989
76561198138817903
76561198184683075
76561198276257508
76561198297698303
76561198352787180
76561198138087024
76561198045064517
76561198289637142
76561198179480803
76561198320185019
76561198076295854
76561198083897731
76561198327619019
76561198205465764
76561198087365678
76561198305692273
76561198388373273
76561198194076319
76561198213129640
76561198340141172
76561198224657004
76561198404895040
76561198066143575
76561198122826950
76561198801791449
76561198820753277
76561198353256772
76561198284553114
76561198029048693
76561198019364623
76561198123366990
76561198126093898
76561198141391126
76561198120502566
76561198131408464
76561198044689018
76561198083346645
76561198318007552
76561198080647833
76561198066746815
76561198195143219
76561198419835770
76561198070405140
76561198256042826
76561198077304293
76561198193569738
76561198206272541
76561198051251081
76561198843247453
76561198085574995
76561198107629811
76561198090740887
76561198168980962
76561198843050865
76561198114951446
76561198880458080
76561198157950608
76561197996849202
76561198218128121
76561198272105721
76561198369127616
76561198120267743
76561197984667428
76561198198304566
76561198077550485
76561198035575093
76561198114067654
76561198388045104
76561198071209121
76561198053444740
76561198136974021
76561198258678190
76561198344590758
76561198139766916
76561198074973580
76561198132280909
76561198145895540
76561198009564384
76561198172405423
76561198102281197
76561198258229071
76561198061327036
76561198158484101
76561198106590528
76561198263423924
76561198104502675
76561198090220527
76561198374251222
76561198212642231
76561198119724464
76561198119229341
76561198271066231
76561198832138914
76561198091391620
76561198094687938
76561198406294373
76561198053831472
76561198135061361
76561198161235213
76561198324512455
76561198098936492
76561198090860935
76561198143907998
76561198275026848
76561198234916812
76561198088555437
76561198306801941
76561198099872105
76561198147177598
76561198133541755
76561198321047829
76561198085049537
76561198132564118
76561198022782938
76561198282713034
76561198154206987
76561198353263651
76561198079458732
76561198153232450
76561198345927079
76561198084062299
76561198146998385
76561198072238532
76561198330026957
76561198122410100
76561198169190182
76561198130487071
76561198082387019
76561198108485388
76561198089870301
76561198118731210
76561198084029701
76561198124442310
76561198281080735
76561198295424377
76561198144458395
76561198061687851
76561198144249982
76561198109243220
76561198067969158
76561198812260343
76561198081882500
76561198366699400
76561198088541859
76561198250628024
76561198099183230
76561198080126470
76561198110514968
76561198153616826
76561198099368637
76561198162259398
76561198032377893
76561198274910370
76561198129682008
76561198072968614
76561198028627760
76561198056390762
76561198124953387
76561198120506936
76561198089967352
76561198023748821
76561198052483060
76561198085214820
76561198158169273
76561198257759541
76561198100667823
76561198143961701
76561198323468330
76561198114707304
76561198078148242
76561198267724124
76561198022244915
76561198137318859
76561197998167855
76561198391508924
76561198277085801
76561198039098331
76561198873243301
76561198414108578
76561198033468184
76561198212237524
76561198180874147
76561198179258374
76561198293951917
76561198200003554
76561198341451484
76561198198612365
76561198328987765
76561198078830686
76561198411120606
76561198359341382
76561198204475880
76561198116430006
76561198037759720
76561198317496078
76561198084568428
76561198195992706
76561198140063686
76561198111458992
76561198308106019
76561198797683116
76561198125052779
76561198115480303
76561198200119481
76561198114697166
76561198124622452
76561198080775938
76561198268560158
76561198975837392
76561198116049173
76561198233032804
76561198061334084
76561198403897330
76561198200422785
76561198084281806
76561198069986714
76561198160081060
76561198172202915
76561198971914217
76561198128722178
76561198102052211
76561198170433074
76561198071342388
76561198100651325
76561198108566447
76561198113919697
76561198416748369
76561198381517393
76561198106916406
76561198085179818
76561198211256769
76561198188148131
76561198200197822
76561198133837580
76561198153128400
76561198139035850
76561198332197508
76561198077839778
76561198146361781
76561198356532330
76561198801587770
76561198235086200
76561198149810633
76561198056746672
76561198093025631
76561198418404058
76561198041091523
76561198187611154
76561198262602671
76561198126977020
76561198082631151
76561198313915720
76561198103909406
76561198357874095
76561198381911355
76561198875366859
76561198070959444
76561198308236288
76561198101551558
76561198874853620
76561198208158604
76561198236122442
76561198304220281
76561198257398737
76561198209626961
76561198384085823
76561198062839704
76561198279736778
76561198817507267
76561198032462198
76561198180652541
76561198089199913
76561198359394182
76561198009555164
76561198294613060
76561198335776794
76561198255468039
76561198219888917
76561198306986774
76561198053801189
76561198296864076
76561198118102803
76561198098604484
76561198171205259
76561198032513045
76561198303940392
76561198795896227
76561198263313061
76561198423575969
76561198227614956
76561198070625575
76561198047158214
76561198306668528
76561198239786462
76561198003702084
76561198106907329
76561198127237397
76561198091573386
76561198093640969
76561198156510129
76561198084211709
76561198859553870
76561198139269043
76561198108903220
76561198275415784
76561198882436104
76561198017414192
76561198259268507
76561198396071216
76561198255910519
76561198799581492
76561198193163482
76561198400746683
76561198085361411
76561198418614128
76561198376732913
76561198004118507
76561198929975187
76561198076113330
76561198802631947
76561198065037468
76561198853034033
76561198179662609
76561198054075099
76561198069545424
76561198889880008
76561198092984891
76561198126899104
76561198163261004
76561198033454769
76561198150758960
76561198153493962
76561198802729529
76561198335015561
76561198829799433
76561198139118640
76561198117808556
76561198333376406
76561198150561254
76561198024279890
76561198019353511
76561198361358610
76561198014013117
76561198845444056
76561198029323987
76561198236727636
76561198166243677
76561198077109273
76561198850764569
76561198247853292
76561198021547715
76561198208963787
76561198081059692
76561198056545406
76561198254972525
76561198262040703
76561198099128255
76561198104693840
76561198084915505
76561198353789131
76561198148684102
76561198152379562
76561198049485210
76561197997526100
76561198219237371
76561198097044416
76561198148852972
76561198160094260
76561198155480496
76561198030176221
76561198225966980
76561198064027572
76561198150751646
76561197981230480
76561198089631190
76561198453274786
76561198376212889
