10
80
100
4000
550
620
105600
730
204360
223470
99900
102700
104700
200210
236390
214420
262410
265630
206500
220200
65930
218620
222880
219640
252950
273110
274190
292910
293540
238460
301520
302830
304050
304930
9900
312990
317360
317400
41300
274170
322170
346900
339280
354500
354510
354550
494710
219740
322330
380840
383080
377260
291550
391460
397100
299360
236110
280790
225540
415860
431960
438100
444090
446150
457140
462930
488440
504300
530620
542340
545110
489520
302590
578310
594960
619910
625430
629760
636040
204300
386180
652980
660880
661950
666220
690060
698780
700330
734750
466240
504370
368230
339000
359550
209670
433850
863550
871720
304390
96000
905370
282100
44350
1046930
