10
80
100
300
30
70
220
240
320
4000
6880
400
8080
9480
550
8190
620
55230
206610
223470
227300
6370
13140
102700
105430
109410
113400
203290
207230
211880
212240
212370
212390
222520
230410
236390
286080
223710
265630
253710
242760
218620
254020
254080
252150
263280
253880
270370
225840
279640
282660
302830
304050
304930
310560
227940
317360
17570
331470
274940
335330
316390
349480
355180
322330
386510
386880
391460
394700
394740
398710
413850
413859
225540
417860
420970
431960
433350
438100
244930
34270
99300
444090
446020
457330
463850
495890
273350
319630
506500
506670
524340
287700
311340
550650
552100
552990
444200
555570
568090
438740
578080
578310
351940
607200
619910
622650
386180
648800
654900
657200
666220
700330
711810
714070
466240
480430
749570
755790
785130
804320
359550
884660
619080
730
