1670
4000
220
360
380
400
420
1250
35420
550
33620
46340
50300
55100
620
105600
46550
24240
41070
564310
202200
67370
204340
35000
20920
207610
12750
113200
200710
1900
1930
223470
55230
43110
47410
109600
230410
236390
238960
225260
224220
34870
43160
3910
234650
65930
219640
252950
254060
219990
233130
259280
9200
226840
268870
270850
57300
239200
273110
285800
286570
289300
292410
292910
300080
304050
304930
227940
318600
274940
238320
331470
730
2400
2420
346250
355840
364470
219740
291550
388120
360170
365450
405760
225540
429470
435060
438100
34270
444090
365590
48000
491950
489520
444200
578310
588430
9480
38400
504370
755790
231430
368230
252490
359550
813820
823130
203770
232050
544920
222880
1046930
325180
44350
677480
