10
30
40
50
60
70
130
80
100
240
300
320
340
280
360
2630
4000
6220
2990
4760
220
380
400
420
8600
12140
12150
13520
15100
15120
12750
12360
19900
20510
17300
17330
9480
16450
17460
17470
22180
22330
22320
17390
24720
20500
40300
24840
20900
550
22370
8190
24980
41700
10680
33230
24960
43110
33220
12100
12110
12120
12210
12220
57300
22380
31290
47780
48190
55100
620
50130
105600
20920
97000
33910
33930
28050
201870
9200
72850
204030
67370
105450
204880
102500
207610
63380
91310
108800
204100
108710
202750
211420
209080
730
214250
208200
204360
49520
1250
35450
35480
205100
219640
211400
55230
220240
223470
222980
105400
208480
226700
49540
113400
113420
203290
212070
218230
230410
236390
238960
272350
218470
259020
224260
224580
227100
210550
203160
232770
233720
216250
228300
233270
220200
65930
242760
242860
204530
244850
40390
239030
218620
239820
238320
239200
206420
251570
252490
107410
241540
242050
243470
247730
238430
261030
261430
261530
262060
263280
264710
266010
39210
221100
218640
7670
8850
8870
409710
409720
271590
228380
272860
273110
34870
222880
278360
48700
48720
281920
246620
282140
254700
284160
43160
285310
236430
286690
286940
209160
209170
233290
295110
222900
297810
299700
299740
203140
301520
201810
304930
238090
305620
224600
311340
291480
223490
312840
313120
227940
314160
318600
241930
258520
400430
265550
221380
322920
323370
302510
214490
239140
326410
289650
331120
333950
339230
304240
344760
346010
346110
342020
349700
351290
335300
352520
311560
355840
306130
359320
359600
361280
364470
365300
365360
367450
292030
374280
374320
365160
377160
383150
384180
383870
287700
234140
394760
393380
375910
428430
431960
436150
444090
446020
447820
310380
466500
379720
470220
359550
491950
223850
319630
516750
360430
520530
337000
324810
530620
536220
489830
550650
552990
554310
8500
418370
569480
582660
588430
588950
621060
627690
678800
679990
690830
38400
582160
40990
750920
379430
795630
812140
823130
552520
439190
866800
13250
334210
391720
492720
984110
285800
