10
80
300
30
70
220
240
4500
400
500
22300
550
24960
47890
620
105600
96100
223470
227300
236390
218620
252150
263980
222880
281920
302830
227940
317250
331470
730
340070
341310
344910
343360
363610
364910
368360
391420
392730
396360
401190
408110
396160
399790
407230
431960
434420
438100
438480
444410
449540
458600
461640
463040
463350
485410
489220
503430
509000
512450
522570
525300
527550
527990
528080
540900
543770
547960
550650
553180
575580
575910
582280
585690
587810
588430
351940
596810
605500
386180
304930
734750
433850
203770
967250
