300
220
240
380
4000
4500
400
420
20900
500
35700
550
8980
620
21100
96100
22490
212680
49520
217490
211400
55230
227300
218230
238960
210770
65930
260410
263980
274900
22100
48700
281750
281920
292600
286690
287390
238090
311870
269210
317250
319760
324800
261640
330830
331360
730
332480
252490
346900
255710
363970
382920
313020
364050
396350
50620
388410
462780
414290
230230
373420
416600
239140
431710
434460
436390
311860
329000
331790
340650
385070
412170
416040
438020
448640
454890
457820
463210
463220
467010
533820
563120
606330
444090
357070
444940
515570
586350
640380
446640
450850
456670
461640
281990
474750
485440
485450
489830
491040
495780
495910
498660
499890
503300
527450
444200
252950
585830
587810
588430
355790
595440
608560
610080
306130
618140
628750
629760
630100
636150
578080
703920
718330
450860
745380
752590
754120
761630
763070
763740
776550
776890
793350
796360
798420
799800
805940
812450
816250
817110
826010
837900
853210
480490
611500
304390
761890
