10
80
100
70
240
4000
6880
6910
6980
400
12120
12200
550
10680
24960
22490
47780
620
105600
70600
113200
41070
2990
6220
209100
203140
230410
203160
233450
217200
242760
237110
218620
253430
217920
265930
211820
273110
222880
225840
239160
286940
287390
301520
304930
256190
49520
217490
265300
318100
238010
250400
238320
730
305620
332790
333930
257510
341980
316390
343100
236430
346900
352520
355180
355840
365300
368360
386360
389570
298630
388060
233720
327890
411560
438100
444090
466500
474750
475550
273350
319630
324810
530330
557340
563560
588430
622650
9480
630100
687790
700330
473690
711750
755790
761330
368230
795100
544920
278360
44350
