500
550
8190
70100
50300
55100
620
105600
55150
55230
67370
201700
20920
211010
12750
201790
209080
218510
1930
214510
11020
47410
104700
109600
208030
208090
227240
230410
236390
240320
248570
262410
265630
206500
246280
253710
225260
224220
203160
210770
65930
215550
206420
253920
254060
254080
254100
259280
259320
259360
263060
253880
271590
225840
279720
282660
284930
284950
351030
285070
285090
286570
293540
294040
297020
238460
301750
302830
303390
304050
304930
306410
224600
307070
9900
227940
317360
321150
322970
232890
330580
331360
331470
730
333740
334070
335330
337950
338180
252490
700580
340810
341500
340820
344130
344300
350810
354500
494710
355840
355920
356130
357780
368360
371570
372490
378100
312530
380840
382120
382300
252950
386360
291550
389430
390670
391780
395170
225540
400240
402840
406090
280790
413850
458250
585283
416020
420970
422100
422250
428430
391220
424280
434250
435060
438040
438100
244930
420790
440740
440760
444090
444220
444560
449220
449680
454600
370770
459160
461750
466730
466910
467370
473770
476480
478960
485310
485870
486820
487220
489220
490230
491080
496500
273350
503820
319630
508670
509240
509840
520860
522570
526790
531890
534010
311730
540900
541370
444200
489520
545860
547960
550650
530700
554530
555570
556160
436520
566220
575490
576440
463150
578080
578310
581720
586380
588430
351940
25600
219640
506540
619400
619910
386180
305050
218620
666220
698780
732730
755790
231430
763410
236870
368230
766920
209670
813820
360620
433850
823130
611500
222880
304390
967250
278360
1046930
