220
50
70
130
380
1520
4000
7000
7670
400
420
10
30
60
80
100
240
12200
24740
16720
3720
39800
23490
500
550
41300
43110
33910
33930
50130
70300
42700
42710
12210
12220
31280
40800
38720
9010
44320
321040
620
105600
105300
107300
107310
22230
48000
38740
24240
113200
207610
211600
204100
63710
206440
108710
202750
730
215670
211260
212680
215790
219150
205100
214560
41000
41010
41050
41070
201480
204340
564310
211400
223470
220240
219740
220780
221260
203140
205930
201790
225300
224980
225000
221640
227580
218060
219890
11020
208090
230410
236390
272350
265630
239220
204240
8930
227260
203160
230050
233450
223450
113020
35700
12100
12110
12120
225080
239030
248820
218620
239820
250500
94400
221910
260750
264710
211820
221100
268910
271590
222880
278360
239160
213670
282440
284160
236830
237930
286690
287390
238090
63380
310560
312990
317400
8190
307690
326460
282070
333930
227300
319630
346010
346970
245470
255710
360740
365660
369580
383870
391720
413150
413850
497813
417860
421020
359550
431240
431730
431960
434290
443810
447820
379720
479130
535520
550650
8500
554620
38400
236870
845070
611500
638070
690790
