10
240
300
320
340
20
70
4000
7200
220
380
400
420
12120
12900
15300
13630
13620
17300
17340
15170
15370
15380
19900
22120
22140
22180
500
3590
22330
22320
6060
34900
35500
24860
10180
10190
550
20900
24790
24810
31410
22370
41700
24960
10680
43110
8190
34830
22380
33910
33930
45740
57300
22600
70100
47790
47830
42700
42710
12210
12220
48180
40800
55100
9930
99810
620
48190
99830
48220
44320
44340
9200
105400
42910
72200
35480
48720
105600
57900
21100
47890
22230
91310
48000
2270
2300
2310
9010
22310
22340
22350
22450
72850
7940
42680
42690
28050
98600
1500
1520
113200
55230
65800
102600
65730
201870
12100
110800
200910
111800
48240
15560
1250
67370
203810
520720
63380
209830
10150
115320
205930
212630
6850
6860
6900
203140
108710
211420
730
212680
49520
221260
217690
200710
218640
205100
220820
211400
201790
223470
221020
220240
208480
238960
224580
8930
203160
107410
232950
233860
233450
226700
216250
219740
322330
233270
31280
43160
222730
242760
242920
233250
239030
244210
248610
232430
218620
239820
238320
239200
250050
250460
250620
251060
253330
227300
241540
247430
242050
245470
221910
238430
105450
221380
263280
265930
211820
268130
274520
246620
287700
304930
38400
38410
310370
259130
404730
314160
313340
322500
39520
39680
241930
328730
373970
328760
305620
333860
250900
340050
341000
271590
344850
346110
275100
255710
234920
368360
370360
377160
236870
385370
391720
394310
320300
225540
416590
417860
386070
426000
427820
428690
239140
443580
379720
496460
501120
505060
289070
403640
489830
447040
578080
587000
599140
611790
616560
635200
220200
823130
863550
