10
240
300
320
4000
220
11450
17390
17440
3590
33100
12810
1250
35420
550
22370
42670
47780
620
105600
21100
48000
200110
67370
22490
108710
20920
115320
204100
10090
202970
202990
212910
219150
214870
214510
221260
223470
109600
113420
208090
230410
238960
263500
223710
265630
224260
226320
253710
233450
65930
222730
224060
10680
72850
242760
233250
41070
564310
91310
216250
220240
244730
239820
250380
226720
251690
49520
217490
233130
255520
213670
261110
242700
262060
264710
266010
211820
4500
20510
41700
271590
274190
274520
278360
239160
278970
246620
282140
222900
297720
203140
205930
286690
287390
302830
243470
304050
304930
312530
313120
227940
206420
233720
205790
203160
274170
323190
302510
238320
324800
730
331760
305620
218620
332950
282070
335330
337950
252490
250900
316390
301640
346270
346900
307780
349700
241930
355840
232090
361280
363970
365720
365670
218640
296830
265930
238370
397080
372800
373330
365160
341940
380600
383080
383180
386360
387860
389300
234140
409160
413150
225540
414700
414730
417860
422100
219740
239140
427730
433340
434570
434650
438040
438100
444090
446150
371660
457140
378370
466500
377160
379720
474750
482300
50130
403640
273350
319630
368230
496300
312660
55110
388410
462780
475150
667720
522890
292030
526460
529840
7670
8850
8870
409710
409720
287700
337000
489830
550650
554310
588430
588690
596650
610080
627690
645260
386180
666220
17500
672650
674400
688430
689090
704040
713650
38400
734750
466240
766570
239200
842150
845070
858060
884660
222880
35140
200260
1046930
