4000
33910
42960
70300
42910
70000
620
104200
105600
107310
96100
24240
205790
201870
104900
10
80
240
730
215790
219640
221640
51100
109600
200210
203290
208090
230410
236390
238960
240380
248570
262410
202090
223750
253710
65790
242860
224540
218620
251060
252490
219830
262060
40970
266090
211820
222880
278970
282400
290080
293540
286160
295990
238460
301520
302830
304930
305260
305280
312530
227940
269210
331470
305620
4920
310110
340540
316390
344040
346110
346900
339280
355070
355840
363970
365670
238370
322330
375950
380600
367580
389570
397900
415420
417860
438100
444090
107410
470600
526160
550650
444200
402560
578310
607200
607260
690930
698780
700330
629520
813820
884660
1046930
