50
70
130
280
360
4000
220
380
400
420
12750
8170
35000
550
47870
50300
620
96100
2990
12360
67370
22490
201700
200260
49520
217490
217980
55230
214510
227300
232010
224540
218620
221910
57300
239200
239160
246620
286260
311080
314450
315430
238010
203160
322170
261640
331470
10
80
240
730
336630
219150
274170
341190
342380
343440
326480
344770
348620
287290
201810
350080
351640
235540
362890
383080
386970
391070
391720
396750
406210
430960
438100
444090
449960
462200
463550
214850
496750
501300
517710
555210
558620
566220
581470
587050
607200
219640
643270
670090
681070
698640
698780
113020
38400
753220
799070
684410
810670
845070
880510
365450
