4000
2990
91200
107600
104900
113200
1930
11020
6370
13140
17080
51100
99900
99910
106010
108210
109410
109600
113400
113420
200210
201190
201230
203290
206210
208090
209710
211500
212070
215870
218130
227240
230410
234310
236390
238260
238960
240320
263500
272350
280620
286080
39000
209870
214420
215100
248570
250420
271290
206500
224260
241640
246280
253710
224220
210770
244850
218620
252490
252950
253900
253920
253980
254100
217490
259320
238430
252150
244930
39210
262410
264360
266430
268850
268870
271590
273110
222880
251570
279720
285500
285580
286940
293540
298240
298260
238460
299460
301520
302830
304050
304890
304930
305280
224600
308360
227700
291480
227940
269910
277950
222900
317360
200110
226320
258160
202090
323370
17570
331360
331470
730
333930
335330
337950
342200
346900
349700
355840
356670
359320
232090
363970
364470
370100
322330
244050
380360
380600
383080
385770
386360
388120
391460
253030
397900
287920
406090
407530
413150
280790
417860
427270
359550
444090
446150
378370
477160
485450
489220
491170
491130
273350
520860
534500
536220
537860
489520
550650
444200
8500
558610
562590
563560
436520
577760
578310
581470
585830
586090
588430
375230
209080
608800
610080
306130
219640
618140
622650
630100
698780
22350
251950
723790
466240
215830
504370
813820
433850
611500
391720
304390
510840
761890
