70
220
340
320
360
380
2990
420
9480
10500
20530
10180
10190
3170
34030
43110
34270
22490
8980
99810
400
620
42680
42690
55230
110800
208140
49520
217490
4500
109600
212070
212500
238960
234650
233270
35450
72850
41070
248860
206420
251570
209160
209170
262060
268870
271590
290300
266840
289130
240760
259130
404730
4700
265300
238010
302510
261640
330830
730
305620
266510
291650
365670
373420
376570
378720
384180
280790
416060
444090
464060
381210
480490
337000
292030
489830
8500
626680
1046930
