4000
9480
550
41700
8190
8980
22380
91600
620
105600
24240
72850
206440
209080
212680
204360
49520
220240
113420
218230
230410
236390
272350
223710
221040
233450
219740
322330
204450
206190
242760
242860
244770
244850
207140
239030
239350
218620
252470
252490
252610
254320
107410
257850
260230
264140
264710
211820
268130
251970
271240
7670
8850
8870
271590
249570
274520
275200
251570
48700
213670
287700
33910
33930
294100
201810
294860
295110
298630
108600
286690
287390
301520
243470
304030
304930
307290
227700
311340
311690
291480
313120
227940
261640
318600
202970
212910
274170
322500
241540
323190
323320
241930
239140
327860
330830
268050
730
298110
305620
282070
249050
335670
225540
344760
346010
346110
356040
359320
359550
623990
360170
361420
365450
365590
365720
374320
377160
381210
383120
386070
393360
234140
368230
496300
412020
413150
414530
418240
431960
391220
435530
268500
438100
384490
320040
443810
445980
310380
379720
470220
474750
475550
489830
504230
360430
292030
526160
537800
538100
557340
447040
569480
578080
581320
236870
588650
356190
597220
606150
607050
608800
641990
601430
674940
700330
701160
717640
379430
785740
637650
812040
816090
823130
552520
834530
750920
638970
883710
582010
555440
502500
927380
