4000
11450
12900
20900
22000
17390
11340
1250
33910
12810
12710
8190
22600
70300
8980
620
105600
91310
24240
12360
201510
205790
209790
113200
10
240
730
217490
200170
41000
41010
41060
41070
219640
214870
55230
227300
57690
236390
42160
233860
8870
235250
220200
70600
244850
12120
12210
224540
206420
220240
40300
43110
218620
252490
220260
263380
211820
221100
8930
550
222880
48700
246620
286940
225600
238460
301520
15620
56400
304930
307690
331470
333600
338180
340540
346900
255710
363970
364470
238370
385800
394380
420110
438100
9450
475550
485410
509220
698780
