240
4000
17480
10680
4850
620
105600
113200
201870
205790
102840
730
204360
219640
55230
202970
202990
212910
200210
208090
230410
238960
235340
113020
219740
322330
242760
91310
216250
248970
218620
206420
252490
217490
238430
211820
367540
221100
270550
550
271590
273110
246620
209160
209170
222900
238460
301520
304050
304930
63380
227940
250400
238320
331470
333420
282070
339610
342300
346110
349700
354140
360170
248610
381210
386360
386880
386940
389570
274560
393420
401190
349040
359550
623990
239140
431960
438100
444090
273350
385760
252950
438740
578080
582500
577800
641990
644560
677290
698780
466240
813820
976310
1046930
