220
240
320
10540
11390
23490
11450
12710
12810
43110
40800
20920
209100
730
204300
204360
217490
219640
102600
201790
221640
109600
207230
208090
272350
245550
44350
224420
91310
216250
237110
218620
222880
252490
252950
243450
227300
219990
233130
255520
9200
282440
285840
293860
238460
303390
304930
305050
238090
250400
63380
260230
200110
258160
321040
333930
343360
346110
299740
363970
365300
366890
373180
393420
15700
413850
413853
413856
458320
239140
438180
444090
454200
377160
485330
495910
443080
273350
292030
555570
447040
563560
578080
601510
506540
323580
755790
961440
359550
1046930
