475150
220
400
12900
12320
17410
29800
3590
550
41900
38600
70100
8980
1640
72400
40800
38720
78000
47890
42910
70000
620
104200
91200
92100
105600
46500
46510
107310
55150
96100
107100
113200
204880
22490
108710
205870
108200
105800
33120
207610
104900
211010
204180
205910
97330
206440
214340
209080
218510
218640
212680
220860
7510
219150
211400
57690
201790
1930
223470
222140
213610
203830
109600
39120
215100
234330
237310
226320
225260
224220
229520
232770
233450
44350
210770
228300
235250
234940
234710
234650
65930
222730
35450
72850
241600
233980
237570
233250
41070
208140
213850
247020
243780
221680
244590
248390
248650
238280
249590
241240
249990
251530
251690
251910
252130
253290
253650
253900
253920
253980
254060
254080
254100
231310
257120
238910
233130
257830
257890
258200
247000
49520
217490
258890
259320
259360
209000
261110
219830
249130
252150
233700
242700
262060
262280
263060
263320
263860
263980
265120
265330
265670
265930
266110
266210
211820
267980
253880
268220
268240
249050
268830
268870
269210
269490
270090
270790
41700
271570
271640
271860
273770
274290
222880
274560
274900
275470
275490
278360
278460
278640
279640
279720
280930
268750
281920
281990
282880
282900
283290
284390
284930
284950
351030
285010
285050
285070
285090
285130
285480
285840
286120
286300
286360
286570
288060
288470
289090
290650
291010
270550
292370
292380
292410
292570
292620
292630
292910
293180
294020
294040
294100
295690
295930
296050
296070
296870
297020
298520
298600
237930
299460
299720
286690
287390
301480
301680
301750
302010
302610
303390
301190
301200
303840
306040
250400
306350
306410
307070
307230
307350
308000
311080
280740
311860
311870
312640
255420
313020
268420
314020
313830
314250
314450
265590
277950
315060
315430
315460
248470
311250
315920
316010
317250
317400
233720
318220
318230
318430
318600
319180
319830
203160
292120
321040
321150
321400
321920
321950
323370
324070
324420
238320
325090
326120
326180
326190
327410
261640
289130
329000
329110
329380
329830
330350
331470
730
331790
333740
282070
334070
335430
317440
338050
2400
339470
304650
339800
340050
340070
340300
340650
340830
341310
341500
340820
342580
343340
343360
344040
344130
344300
344440
344910
345060
345090
345120
345220
253390
270810
345920
346180
346630
15170
48220
346950
347430
347560
348360
349500
350740
351140
351150
351470
351490
352890
274620
353550
350810
354860
355150
355520
355840
355920
8870
409710
409720
356200
357120
357280
357290
357780
357900
358080
358460
359810
359870
360380
360640
360970
361190
362410
362610
248610
363490
363620
363970
364270
365720
364690
366440
366760
366890
368080
368990
369000
369040
369890
369990
370040
370090
370100
343100
370510
371440
371460
371570
371670
371690
322330
372360
372490
372820
374570
374670
374830
219910
220740
255320
314810
375010
375460
375510
375580
375620
375710
375950
376570
377290
377570
378100
378270
379290
380020
380600
381140
382080
382120
382300
383080
383330
383520
383560
383580
383930
384110
384150
384310
383870
385070
385080
385490
385830
386420
387840
388390
388420
364050
390570
391070
391260
391540
391720
391740
253030
391420
392820
385240
394540
394680
395170
382490
396160
397500
407230
398680
398710
399430
399790
400240
400250
400370
402310
365450
402850
403180
403560
403900
403940
403740
405610
15700
405950
406090
368230
496300
410210
410380
410840
412170
412600
413150
414290
414580
416080
416170
417430
418070
414070
418120
420740
420970
422100
422250
423710
424830
427780
427820
427860
210970
428430
428950
429280
429470
429700
431560
431710
431960
432020
433790
434010
434250
434420
434610
264240
437890
438010
438020
438030
438040
438180
439250
440760
441870
34270
443810
443940
444220
444480
444260
446640
447850
448070
448260
448470
448630
448640
448660
448350
448780
449200
449210
449220
449540
449680
453820
453980
454200
454890
454930
455710
455970
370770
456660
457710
457820
458520
459820
460960
461140
461640
462240
462250
462030
462620
462960
463180
463210
463220
463350
464760
466300
466730
466840
467000
467370
368750
469730
470270
473470
473520
473560
473710
474050
474750
475220
476480
477290
481870
485310
485330
485580
485740
485870
485950
486360
486820
487220
487270
489220
484950
489520
491080
491950
494290
496500
496620
496750
496920
497400
498660
500100
503820
504490
504770
504980
319630
508670
509220
509240
509840
511470
513590
518800
521920
522570
523160
523780
292030
526740
526790
527710
529240
530390
530620
534010
535760
536930
537200
537360
538590
539450
540900
541370
542340
542400
545250
546400
529760
547960
489830
554530
555700
556160
557780
8500
558990
252850
562270
567290
575490
575700
575840
575860
576440
576470
576980
463150
578120
581610
581640
582280
583490
585860
586380
587590
227220
588430
351940
594320
595440
600630
602830
602890
607270
498320
598470
219640
619400
204300
628760
635730
635880
236150
305050
218620
371200
651660
323580
703950
710610
113020
308040
209670
684410
232050
439190
334210
359320
325180
