13210
15370
550
620
55150
42680
42690
205790
219640
214510
207230
230410
236390
238960
258700
272350
224260
226320
214730
220200
242760
252950
224460
39210
267530
271590
57300
273110
274920
246620
294860
301520
311730
227940
200110
258160
319910
8500
221040
214490
238320
327690
730
241560
218620
282070
345520
346010
346110
348020
275100
255710
306130
357480
359320
365300
365670
367500
238370
386360
389300
392110
402330
388410
410380
236110
375910
419480
420290
431960
438100
438490
440900
34270
205230
205950
454540
281990
474960
496460
273350
391720
512470
104900
529180
307780
539730
542970
552500
558100
460920
289130
375230
630100
635200
671390
690830
466240
504370
492630
637650
826600
874240
611500
480490
878750
879160
356190
976310
1046930
