10
80
100
300
30
240
4000
6910
20
50
70
130
220
280
340
360
380
420
7860
1250
35700
4560
228200
40400
550
65540
7520
31280
34270
48190
55100
400
620
105600
20920
104600
46510
55150
24240
3830
70640
55230
38600
204880
108200
207490
33120
70600
207610
206610
200260
211010
35140
209080
218510
218640
12110
12120
12170
12180
12210
12220
12250
204360
7510
218680
57690
1900
1930
224900
99900
104700
230410
236390
238960
225260
224220
225420
232770
44350
210770
72850
224760
234940
234710
234650
12640
65930
35450
35720
242880
233250
242110
25800
246420
242550
248650
209000
233840
249990
253650
253900
253920
253940
253980
254060
254080
254100
205100
238910
233130
257830
247000
259320
259360
259600
259740
261110
261180
252150
262280
262830
263060
263860
266940
226840
267920
267980
253880
268870
270450
270850
271570
271590
271640
271860
273770
274900
244850
225840
278360
48700
279640
279720
280140
280930
282140
283230
283390
284710
284830
284930
284990
324060
285010
351030
285050
285070
285090
285130
285800
285840
286040
286500
286570
286690
287390
258180
233290
290000
292380
292410
292570
292620
292910
293180
293940
294020
294040
294230
225600
222900
296630
296710
297020
298480
298520
238460
299460
301540
301680
302010
302120
303390
303610
304930
306350
306410
307070
307350
308000
308580
310450
280740
311480
311690
311860
312450
312640
312960
265590
206420
315060
318220
318600
319180
8190
238010
268050
321040
321150
321400
321920
241930
307690
238320
326120
329000
330270
330580
15700
730
305620
334070
334210
277950
339160
2400
319630
339470
340200
341090
341120
341540
340820
343360
343390
344040
344300
344440
345120
345220
301910
345920
346010
346950
347590
347560
348360
348450
350010
352960
354860
255710
356070
356200
356420
357280
357770
357780
357900
358080
360620
360640
360890
336420
360970
361190
362610
363620
365720
364690
365670
366760
369040
219740
370090
370100
371210
371390
371460
371510
371570
371690
322330
372490
374830
375010
375460
375580
375760
223470
378100
380600
380840
381140
381210
382080
382120
382300
383560
383870
385080
385400
385830
387840
390570
391540
391560
391720
391740
392820
355120
394680
395170
382490
225540
397770
397900
398680
398710
399670
400240
400250
400370
400630
400740
365450
403180
403510
403740
405950
406090
406970
409450
409600
410110
388410
462780
410670
410840
412170
412600
414290
414580
414700
415960
416030
416170
416320
416350
417430
418070
414070
418610
208650
420530
420740
420970
422100
422250
423230
423550
424830
427780
427860
359550
428430
239140
429280
429470
429350
394310
431960
440430
433210
433950
434010
434210
434250
434260
434610
264240
437390
438080
438100
440760
441870
205230
205950
4720
443940
444090
444420
445840
434980
447850
447950
448470
449060
449220
449530
449680
448070
450850
438480
539720
562360
636150
452920
453980
454930
455710
370770
457590
458030
458520
461730
462070
462030
462680
462960
463710
463930
464760
466840
467370
368750
468320
468330
469890
473520
473560
475220
476480
476510
477290
477980
484830
269710
485310
485330
486310
486360
486820
487120
487220
487270
489140
489220
327030
48000
490220
491000
491080
491260
491950
496500
497350
498660
500590
501300
502090
503820
504490
504980
506670
508530
509240
509840
511470
512250
466240
514900
514970
518800
521920
522570
523160
292030
526790
527770
529240
7670
8850
8870
409710
409720
533860
534010
535690
535760
537340
537360
538590
539350
539440
539450
539700
540900
541370
542340
542350
489520
545410
546380
546400
529760
546660
546700
547710
547960
489830
552990
553340
553660
554530
555700
556160
557260
252850
562240
562430
562650
566060
565340
566670
567250
567290
567800
568450
574640
575860
575950
576470
576560
576880
463150
581470
581610
581640
208140
584890
586380
587590
587830
588110
351940
594650
770720
595280
595440
602170
602890
603370
604200
605500
607270
498320
610840
610930
600210
614460
615610
503350
618030
619400
619910
622170
622920
204300
9480
628760
634230
635060
635880
236150
386180
305050
649880
218620
655770
657740
658160
667890
673760
676000
323580
680360
691080
22350
554620
365170
707870
368420
113020
718090
308040
726120
741630
337000
746350
755790
231430
236870
368230
319830
798260
209670
805500
805940
806140
823130
513780
828150
838330
203770
843890
845070
232050
270550
863550
439190
867140
13250
884660
222880
696370
304390
96000
402390
510840
681660
967250
638070
308600
343710
1045050
370910
275390
