10
80
4000
6980
400
50300
620
105600
55150
67370
104900
209080
1900
61600
109600
208090
230410
238960
262410
65790
234650
235720
207140
368730
234390
252950
253980
257120
235800
259280
259760
268240
271860
283370
284950
285160
291550
270550
293180
303390
306680
306830
308580
312990
265590
317360
200110
320540
323370
24240
329380
730
333930
277950
334690
355000
365670
322330
380840
386360
397900
365450
417860
264240
438100
244930
310380
34270
205230
205950
443580
444090
596350
444640
359550
464050
489000
319630
533690
542310
550650
560380
562010
578080
601510
218620
652980
674940
700330
735460
504370
791930
703940
813820
878760
544920
13250
871720
884660
