300
20
50
70
130
220
280
360
320
380
2100
4000
6910
2400
6510
400
420
12120
12140
13210
13230
13240
13250
15120
10
30
40
60
80
100
240
500
10090
17470
24740
1250
35420
22330
20500
667720
10180
10190
20900
550
37000
41700
10680
40100
24960
8190
13560
13570
33220
34010
42700
42710
31290
94500
94530
21100
55100
95300
620
72200
98200
20920
105600
91700
21090
16450
50130
22230
96100
32800
28050
24240
65800
201280
91600
99700
55230
41070
564310
25000
61310
203810
67370
22380
207570
207430
207610
50300
208140
205350
104900
211600
7670
409710
200260
212680
108800
200390
205910
214830
91310
108710
202750
35140
113200
204300
98800
209080
730
205100
72000
200510
214970
220200
220780
220860
221260
208200
218680
219150
223220
4920
3700
223470
209190
223510
201790
113020
227200
219680
4560
9350
9420
9480
15620
20530
20550
43110
50620
50650
55110
55140
55150
96800
228200
462780
475150
224540
228260
35720
219890
13140
17080
51100
55130
99900
104700
107900
109400
113400
113420
200210
206210
208090
212160
212800
218230
221080
227240
230410
236390
243870
286080
29140
209870
214420
248570
250420
262410
271290
286100
206500
216150
252150
230980
224580
204240
221040
6000
6030
6060
32370
32380
32400
32420
32430
32470
208580
225420
8870
227680
233740
203160
224960
6850
6860
6900
203140
205930
233720
44350
222480
224760
234190
234650
65930
238210
35450
210770
57640
236090
231160
72850
241720
236370
242760
242800
243120
24420
244850
237110
225160
218820
45740
234390
214770
244590
231040
248310
248820
218620
206420
249590
249650
235600
225280
250340
250580
4570
9450
111900
251060
251150
251570
252490
253230
253900
253980
254200
49520
255370
409720
233130
258050
42910
221910
249130
233700
221380
263060
263880
264690
108600
227300
265690
265930
266010
266430
211820
22320
267980
268130
269710
270150
270310
57300
272470
273110
11450
12830
44320
321040
274310
222880
225840
278100
278360
239160
228020
222900
281640
281990
246620
282440
284240
33910
33930
287700
233290
291210
270550
292380
292500
201810
286160
298260
300380
300570
8980
729040
301520
301640
301970
65790
302670
303390
304050
304930
238090
38410
63380
224600
302380
307880
13520
19900
220240
233270
308060
308580
227700
310560
9900
311340
291480
227940
314250
265590
314790
274900
317360
313340
318600
320040
238010
17580
274170
322190
322500
322680
323060
323580
302510
241930
324190
275670
305050
261640
330830
17570
331500
331870
305620
234630
333930
335300
336610
337950
319630
340490
343360
343710
343860
344230
351030
346010
346110
346120
348250
349480
350640
351570
351920
21690
354200
354500
354510
354520
354530
354540
354550
355180
326460
235540
359100
359320
232090
360830
361300
362890
363440
363970
365670
366320
367450
367520
369200
369990
226860
374320
378860
312530
236870
383790
384190
384630
385830
386070
386620
386940
290340
291550
388410
388750
389980
390710
391540
394690
396350
397340
331600
400180
400450
400630
365450
404540
299360
407810
410320
236110
413150
290530
414700
416600
416680
418240
418460
422630
423230
423580
424840
391220
270880
268500
427270
428550
428750
239140
431240
431810
431960
244070
244090
8930
282210
433850
434460
434650
435400
436820
437390
438100
438490
460870
244930
310380
364360
442780
34270
443810
382420
446020
107410
448510
450390
450540
452570
368390
457550
223100
271240
384250
464060
466270
379720
425220
255710
470260
471010
471710
473530
274500
474960
475190
477160
394360
383150
381120
214850
355800
489140
327030
361230
491950
493540
491130
49540
499520
499890
273350
501320
505730
391720
508530
368230
496300
514900
516510
360430
289070
520600
337000
522210
523780
366640
292030
530020
530700
530890
534290
437570
115800
480490
540840
543460
544330
489830
552590
553960
555160
555450
555570
507490
8500
563560
436520
438740
578080
578620
581270
582500
582550
582660
285190
587220
375230
355790
595140
332310
383980
219640
615050
506540
620980
623940
234270
629770
633130
374040
392110
641990
645480
278910
650220
652980
666220
674020
674940
677160
679990
680360
686600
230190
535480
377160
696480
240720
700330
22350
635320
435150
611500
306130
466240
418370
231430
379430
768100
779650
783050
794600
797470
209670
823130
552500
440900
863550
608800
334210
350280
884660
582010
889480
638970
696370
961440
967490
638070
225540
204880
308600
794260
632360
