240
4000
4560
228200
12200
22300
10090
21980
10180
10190
22380
8930
2500
620
91200
105600
97000
57690
113200
42680
42690
48000
207650
108710
107100
12790
209790
730
214560
220860
202970
202990
219640
224360
106010
200210
236390
262410
223750
224260
226320
253710
203160
44350
219740
204450
224060
242760
242800
244850
224540
91310
216250
10
60
220
550
220240
231430
237110
218620
47790
47830
214550
252330
252490
252950
253330
242050
221910
249130
265930
221100
4500
20510
41700
8870
271590
271640
244450
239200
274170
222880
274920
281410
246620
243470
286940
233290
295110
433850
296470
296910
209650
209660
287390
301520
304930
306040
224600
313120
10150
319510
322210
323190
239140
238320
331470
274940
332800
282070
333930
214340
220740
319630
340120
354140
350080
355840
383150
234140
391460
413850
413856
420290
359550
623990
444090
444200
381210
377160
292030
555570
584210
588430
785740
