10
80
300
20
30
40
50
70
130
220
340
240
280
380
4000
400
500
22300
17390
550
22380
620
105600
102700
286080
214420
265630
233720
246900
255520
265210
218620
264710
225840
214190
304050
304930
38400
280740
317400
323320
730
332800
230290
346900
354240
350080
355180
363970
322330
405640
280790
433340
438100
444090
447820
462930
377160
379720
506140
506610
508550
530700
550650
460920
588430
622650
652980
666220
17500
677620
700330
704040
732730
733990
734580
734750
738060
755790
698740
359550
848450
343710
