10
80
100
4000
4500
220
360
400
17390
17480
33910
24720
33930
105600
72850
41070
2820
49520
219640
203290
212070
230410
236390
238960
214420
248570
265630
271290
233450
220200
242760
244850
220240
224060
218620
252490
252950
263280
264710
267920
271920
273110
284160
294100
206420
34270
301520
243470
304050
304930
227940
241930
307690
261640
331500
730
346010
346110
325610
353130
354860
255710
355840
359320
248610
375820
380600
381210
386940
387990
400240
234140
403570
238090
299360
412150
225540
417890
438680
444090
444560
365590
448780
449220
453960
463050
464920
466560
223100
359550
489220
273350
509980
518790
529240
530700
541100
543360
547960
554530
8500
436520
566220
575490
578080
578180
586090
588430
613100
506540
386180
674940
704210
755790
433850
552520
544920
863550
884660
611500
304390
