4000
17300
17330
6060
47700
8930
620
70600
104900
115320
217490
10500
219150
219640
227300
212070
218230
236390
248570
262410
65930
242760
242860
218620
252490
107410
271590
244450
222880
48700
48720
283290
302830
304930
291480
312990
313500
227940
220820
232890
10
730
325610
341190
348020
255710
292030
381210
394540
225540
239140
431560
431960
438100
449530
449680
34330
462930
463550
477160
394360
302670
500260
509220
534500
287700
562010
32510
32470
578080
581710
588430
616560
619910
674940
594570
251950
776960
810670
813820
823130
850050
878750
884660
359550
