240
10
4000
220
12900
13240
9480
22200
17390
8190
28000
32360
32460
50620
462780
8980
47870
34270
21100
9930
42910
105600
16450
49330
32800
70600
70620
41070
67370
22490
108500
102600
20920
48700
203630
207610
212030
200260
98400
35140
730
211420
200510
218640
214560
204360
55230
223470
17460
204100
34410
202860
105000
201790
35720
99900
248570
239220
230650
225260
202130
220440
221380
225420
219190
8870
233720
234160
215690
72850
237110
224420
12110
91310
216250
206420
220240
248550
209000
234080
218620
201310
239820
252490
252950
217980
234000
58520
208730
209730
219780
231140
57690
57740
234670
39650
55110
50650
235800
242050
49520
217490
238010
249130
263740
44350
242700
215530
202170
8930
235460
550
271590
203160
12770
44340
44320
274920
278360
239160
280160
246620
4760
205230
203750
243470
209160
209170
233290
208520
297100
286690
301860
200110
265300
261640
292120
221040
241930
302510
329000
330830
292140
331870
301910
341000
351030
292030
376870
381210
351970
385070
406150
411300
349040
208650
368500
423880
371660
239250
431960
391220
434170
438100
438640
281990
377160
474960
480490
485510
485860
486310
447040
495140
223850
508900
234630
289070
521340
307780
533300
489830
550040
460920
438740
422870
575640
584980
588430
588970
589360
607380
616720
617670
630980
637650
643270
645090
582160
658560
466240
738390
756880
379430
626690
799070
821060
869760
582010
893030
812140
601150
966330
979560
1020820
282100
