10
80
400
12120
500
1250
550
22380
55100
620
105600
204880
207610
214170
209080
49520
219150
205100
55230
200210
223710
225260
234490
44350
210770
233720
65930
249590
219990
261110
252150
267920
268870
269210
270850
271570
271590
57300
239200
273110
278360
239160
282660
283310
285160
286570
292370
292410
292570
293180
302830
304930
306350
307070
265590
206420
274170
238320
261640
331360
730
282070
333930
345220
287290
351470
360940
363970
263060
365670
238370
219740
223470
381140
291550
214770
275390
391720
400040
400370
360170
406090
406150
299360
413150
280790
421060
431960
434570
437920
438100
444090
446020
457590
466560
468330
475220
475550
485310
491950
513000
513560
518120
292030
526790
537360
546400
529760
557810
578310
582500
595440
607260
498320
616220
617670
504370
218620
657200
666220
323580
702810
368420
113020
15700
308040
38400
732430
738060
231430
368230
773240
795100
209670
236870
433850
203770
232050
857240
270550
863550
439190
871720
611500
334210
893030
365450
920490
222880
304390
96000
402390
510840
961440
893520
638070
395170
308600
285800
343710
761890
