10
80
100
240
4000
20900
500
550
33910
33930
65700
8930
45740
39510
65540
65720
47870
55100
55150
24240
204880
204340
20920
104900
57690
201790
17080
109600
208090
218230
230410
238960
223710
250420
265630
224260
224580
242760
206420
253980
254000
238430
211820
4500
41700
271590
57300
239200
274190
222880
225840
285160
296470
286690
287390
304050
304930
314470
238320
17570
730
305620
218620
215470
252490
344040
301640
354500
354510
354520
494710
355840
238370
322330
386360
291550
287700
219740
239140
431960
438100
444090
596350
379720
477160
359550
48000
289070
337000
292030
530700
550650
555570
557780
8500
252950
578080
588430
599140
219640
506540
619910
386180
233130
255520
700330
38400
466240
755790
884660
437220
43110
638070
343710
325180
