240
4000
4700
8080
19800
16730
9480
21010
10500
34900
550
8190
22100
33230
24960
31280
47890
55100
71230
34330
44340
620
105600
57900
42160
73210
72850
55230
2400
2420
203770
67370
110800
104900
115320
730
208580
200260
23420
49520
34030
219640
223470
204100
212480
57690
38830
51100
99900
206210
218230
39000
248570
224260
226320
227760
107410
233450
8870
208730
242760
226980
239450
247020
209000
218620
239820
206420
236850
252490
253130
253430
214950
209160
257710
257750
262900
263320
264200
265210
265930
266130
91330
270850
8930
271590
274310
222880
274900
274920
275080
277500
277590
48700
281990
283290
285130
285900
231430
270550
296470
296770
238460
301520
302510
307170
307760
256190
291480
227940
313740
319550
322500
21690
287450
232890
209650
239140
307690
24240
330840
331610
298110
282070
333930
334230
325610
342200
342380
307780
349720
298630
354500
494710
355180
255710
365720
240460
377680
379430
236870
385880
291550
394360
244450
310470
405710
407980
408740
656530
417860
423580
268500
428690
427730
433850
385730
442500
444560
364360
302670
360430
523780
292030
530700
534500
489830
555620
578080
588430
460930
594650
657200
674750
674940
476600
476620
712100
306130
823130
552520
971720
