40400
72400
50300
96000
55150
107200
204880
108200
206610
209080
218510
218640
225260
44350
210770
234650
65930
253650
253900
253940
253980
254060
254080
255280
233130
257830
261110
261180
252150
262280
263060
209000
226840
268870
271570
273110
225840
278360
279640
280140
281920
285010
351030
285090
285800
286570
288060
289090
292370
292570
292910
293180
294020
294230
295690
299460
302710
303390
306350
307070
308000
312990
313830
265590
269210
315060
317250
318430
318600
205790
321150
289930
323720
238320
329000
331360
10
240
730
334210
334920
2400
344300
345220
346630
346950
349500
351150
351470
353550
356420
357290
359810
232090
360380
336420
1250
366890
371570
371670
322330
292030
375460
380020
382120
384740
391720
399430
400240
400250
400370
400630
406090
406210
410110
341310
399790
407230
415350
416080
416310
416370
414070
420740
422650
428430
429470
429700
440760
441870
443940
447850
448660
448780
449220
449680
448070
455710
457590
458420
460910
461140
462030
462960
467370
468330
473470
475220
269710
485310
485580
485950
486310
486820
486840
487270
489220
490220
491080
491950
498660
503300
503820
508530
508670
509240
509840
515690
526790
537360
489520
546400
529760
547960
554530
444200
565340
575720
208140
582280
586170
588110
351940
605500
607270
498320
610360
610930
598470
614910
617670
622920
644570
645090
386180
305050
218620
655010
304930
323580
684460
368420
711990
113020
718090
15700
308040
726160
38400
231430
368230
319830
788380
799070
34270
228200
804210
823100
823130
513780
203770
232050
863550
439190
795100
878750
222880
696370
927890
304390
402390
510840
963690
638070
395170
308600
1004240
343710
370910
275390
