4000
620
204360
109600
208090
218130
230410
236390
238960
240320
263500
214420
223710
248570
265630
206500
224260
235340
269210
273110
225840
293780
301520
15620
20570
56400
302830
291480
313140
205790
323850
327690
331360
331470
730
332950
333930
342480
297130
360940
364470
322330
380600
380840
381210
382490
386070
386360
291550
299360
236110
280790
438100
438680
444090
445980
446270
444200
558100
402560
563560
564710
588430
370770
606140
511800
610080
613590
204300
386180
394230
657200
669580
304930
699920
700330
708420
466240
480430
743410
504370
759530
368230
777100
795100
209670
805570
360620
57300
844870
439190
489520
278360
879160
1046930
761890
226840
