4000
220
15100
15700
20900
22300
17470
24740
18110
17450
12840
32430
8190
10680
33930
219540
17410
8930
38600
42700
42710
47870
21100
7940
44340
70000
620
91200
20920
57900
92000
46510
42140
16450
11330
46540
50130
34830
32800
9200
28050
46550
200110
42680
42690
24240
17710
201870
35700
110800
41070
201570
108710
204860
7670
409710
98400
202750
108800
42170
12800
12750
12810
212630
214360
204100
35140
202170
12210
12220
10
240
730
200510
200260
218640
214560
220860
202970
202990
212910
214590
16730
65500
4920
211400
208480
225020
223630
203140
205930
46260
225300
224420
220240
105000
226700
35720
203160
11020
17080
47410
109600
113400
113420
203290
208090
212070
212160
212390
218230
219340
230410
236390
238960
39120
209870
217750
218470
259020
42160
224260
226320
239220
241640
224580
34870
11050
21690
234490
8870
227480
224600
210770
72850
216250
235250
65930
43160
33910
207400
40390
55230
225640
91310
40300
43110
207930
51100
234080
209000
47830
235600
238320
214550
252490
253110
205100
236510
234000
209730
231140
205650
55110
39690
50650
214870
250400
247830
42910
221040
261430
2500
260750
215530
265300
550
247730
272060
239160
222900
282660
283000
284710
286940
233290
290140
290730
290930
295110
362300
433850
439700
35450
298260
299910
300080
292120
301520
304030
8600
8660
63380
307290
227700
9900
311340
291480
244630
227940
315640
321040
323370
223650
332650
333930
335430
336510
336520
339600
349700
354640
355840
368750
372000
376570
380770
8980
390670
391040
400250
407250
407530
412400
412470
416450
432290
438040
244930
203750
444090
348460
310380
417910
442080
273350
324810
530620
534500
489830
555570
562590
212740
588430
755790
884660
681660
1046930
