220
2100
4000
17470
24740
20500
12810
8190
42910
91600
620
104700
105600
50130
46540
28050
102600
201870
72850
48240
41070
202090
20920
42170
97330
201790
211420
204300
206440
200710
207730
219640
4920
6370
17080
99900
109600
200210
212070
212500
218230
230410
238960
240320
272350
39120
271290
206500
239220
8930
213850
8500
35720
233980
233250
224540
226720
253150
211820
289130
301520
305640
255420
316010
258160
261640
203160
329110
330840
331360
346010
235540
362490
363970
365720
374570
408330
427270
429680
391220
438040
444090
397060
563560
511800
607200
629760
630100
700330
435150
504370
730
489520
421650
225600
1046930
