6870
9450
13230
15120
12320
22300
17440
17480
24720
39550
40400
39540
24790
24810
550
24980
24960
8190
33930
8930
22490
50300
47890
70000
620
105600
7760
46500
65700
107430
55150
3830
72850
202200
67370
108710
201870
20920
207610
65530
17300
17330
17340
108800
200710
219640
214170
219760
219780
55230
215930
227300
212070
230410
225260
3910
234650
65930
222730
35450
243120
243950
251530
252170
252470
253430
253690
254200
245050
219990
233130
258220
259550
260750
260770
262280
40950
263980
226840
268870
210770
272060
57300
34830
34870
200510
278360
239160
281920
246620
285160
285800
286000
287390
289180
304930
38410
307230
8980
49520
217490
206420
315430
238010
203160
222480
221040
261640
305620
218620
282070
301640
301910
21690
360640
365720
238370
322330
373420
223470
383120
391720
244450
396480
396750
365450
238090
410110
388410
410900
431960
281990
511470
552620
563560
208140
588430
606870
635200
392110
305050
323580
435150
38400
368230
209670
226860
769920
211820
935880
96000
43110
395170
