70100
96100
204180
7510
223470
224220
248330
251870
253650
254060
254100
238910
257830
259320
252150
263060
263980
267920
271570
279640
282880
284750
284770
284890
285010
351030
286320
288930
291130
292370
293180
294020
294040
294230
295790
297080
298600
299460
301190
301200
301990
303390
306040
306410
277950
321150
321400
325370
326120
326180
326190
327410
334070
319630
339470
340300
340310
340320
341090
340820
342580
343360
343390
343930
344040
345120
347040
347430
347560
348020
350010
351150
351250
326950
274620
354860
357280
357770
357900
360640
360650
361190
362610
363620
364890
366760
369040
370090
370510
371100
371390
371420
375460
375620
377310
378100
382120
382300
383330
385080
385490
385400
386420
387930
388120
388390
388420
390970
391070
391260
391420
392820
385240
395170
396160
396790
396800
397500
397980
398710
399430
399790
400240
400250
400510
403570
403740
404770
407230
409380
411120
414580
416170
416350
418070
419590
422100
423710
423760
424830
427780
428430
428950
431260
431990
432280
434010
434250
434420
434610
436300
438030
438080
438180
439910
441870
443940
444480
445170
447850
447890
447970
448000
448830
449220
449680
450190
451880
453100
453850
453980
454690
454890
454930
456810
457670
457820
458030
458520
461010
461640
461760
461850
462220
462030
463040
463050
463100
463350
463930
464760
466420
466790
467370
467310
368750
468320
469730
470270
473520
473670
473730
474050
474910
477290
485080
485310
485330
485410
486360
486820
486880
487220
487590
488330
489220
484950
490820
490940
490980
491080
491260
491330
491580
492130
493780
498050
499420
486480
504490
503420
508170
509930
512640
512770
513820
515690
518650
521210
526540
526790
528510
531240
535760
545700
547960
526920
252850
422870
351940
219640
627950
218620
323580
113020
15700
308040
209670
265590
232050
270550
863550
439190
490220
209080
334210
391720
222880
304390
96000
491950
402390
510840
638070
231430
308600
278360
285800
343710
370910
