550
8190
55100
620
105600
67370
213330
204360
214510
220440
200210
230410
236390
248570
265630
224260
253710
8870
44350
210770
65930
214560
239070
245170
233130
255520
49520
261110
249130
262060
264200
265610
270210
282900
282800
238460
301520
304050
304930
238090
311690
291480
206420
10150
115320
318600
265550
324800
327690
218620
333930
301910
346110
407530
232090
238370
368950
219740
351710
322330
374320
386360
387340
291550
239140
438100
444090
596350
460950
207140
379720
496810
513510
521200
524580
307780
520440
555570
563560
506540
632360
215280
690510
698780
700330
368420
466240
480430
231430
795100
34010
813820
823130
203770
439190
611500
744060
304390
730
