240
4000
15100
15120
21760
21910
1250
6060
23490
550
8190
32470
620
105600
22230
55150
72850
203770
207610
104900
40950
40960
40970
40980
214340
730
49520
220200
202970
202990
212910
203140
57690
51100
99900
230410
265630
206500
225260
107410
34870
210770
231430
235720
242760
218620
239030
248530
235600
219640
251060
251130
252490
253650
224860
261110
263740
211820
270150
271570
271640
246620
283430
286160
286690
287390
295930
297020
351030
299500
301520
301700
301750
304930
238090
308000
291480
268420
227940
313740
315640
265300
317300
320040
241930
39520
39650
39680
323190
232890
209650
209660
24240
289650
331870
333930
334230
325610
339800
340490
346110
346900
347950
348020
287290
350640
351920
350810
351140
355840
271590
45770
360830
361190
248610
363970
365450
365720
366320
296830
369990
375460
381210
383080
386620
386940
291550
390710
391070
391720
394690
410110
236110
410900
412880
413150
280790
414700
423230
391220
359550
429600
431960
433850
434520
437920
438100
438270
438490
460870
440730
385410
446020
454220
459820
464060
255710
470220
477160
394360
490940
491950
501320
512470
513580
360430
540840
543460
546930
552990
438740
571740
575640
578080
588430
355790
356190
602170
506540
234270
629760
644560
644570
657200
493900
368070
700330
711990
712050
755790
55100
788130
809960
337000
439190
