10
80
220
240
400
3590
550
57300
47870
47780
50300
620
55150
207610
204100
206440
108710
202750
219150
109600
230410
44350
233270
222480
49520
261030
262060
264710
271590
239200
273110
225840
278360
286690
287390
238460
301640
224600
311690
220820
274170
322500
221040
323850
730
250900
287290
351570
351990
232090
362890
1250
368360
292030
383180
250180
312610
366250
234140
214490
225540
208650
239140
433910
434570
441870
379720
470220
508900
536220
563560
438740
571310
588650
627270
374040
644560
218620
678950
725340
731490
231430
298900
816090
552500
848450
879420
883710
893030
304390
