10
30
40
60
80
100
240
300
320
340
4000
10180
10190
8190
33910
33930
219540
57300
70000
105600
96100
42680
42690
72850
15560
11590
48800
91310
63380
220
380
420
550
620
730
220260
55230
220240
61600
223470
24010
12100
12120
12170
12210
12220
227300
218230
227240
39000
265630
223750
253710
224580
34870
107410
233720
236790
242920
244850
205610
252490
260430
221100
268650
271590
287340
302830
304930
306620
314160
22100
48700
48720
326410
327890
282070
290080
700030
344760
363970
208650
407530
438100
