400
19000
550
620
105600
21100
67370
223470
55230
220240
230410
236390
343450
233450
233720
35720
218620
253230
49520
264710
265930
271590
222880
274920
281990
282900
286160
296300
282800
238460
301520
301860
45760
263060
319910
322450
221380
324800
274940
333980
338170
346110
287290
359310
238370
368360
380600
381210
386480
387340
291550
390710
390730
400910
405710
413150
418340
349040
431960
391220
434460
434650
438100
447820
448510
459820
460790
425220
477160
359550
623990
487160
497640
503300
438490
402570
508190
508440
329490
511740
322330
312660
462780
730
547340
493340
559650
447040
562220
575550
578080
524220
596630
356190
612070
616720
632360
374040
635730
644560
645630
646270
648800
656090
657200
666140
669050
674940
676210
676500
682570
686570
360170
700330
701720
702810
704850
705220
725680
730620
466240
736190
755790
765650
626690
710470
788910
789760
801200
252490
700580
637650
236870
823130
552520
851890
857940
858590
863570
209080
608800
334210
728880
884660
915460
304390
935270
955050
638070
816020
939960
1008710
1020820
548570
1056390
431930
