1900
4000
9480
29800
1250
16720
33910
34900
10130
6840
11390
27900
23490
38700
24960
43110
33930
39670
28000
21970
38600
38720
92800
70000
620
92000
104200
92100
107310
96100
35450
236830
24240
17710
9420
41070
201570
58610
201700
209520
20920
104900
204180
50300
91310
209080
215280
49520
217490
7510
219150
219640
218740
4920
223470
55230
1930
7520
2300
227300
13140
109600
203290
207230
208090
230410
236390
238070
272350
39000
39120
217750
223710
262410
224260
253710
264380
224580
225260
6000
6060
32430
32470
32500
203160
232770
224420
237570
242760
242860
239450
10
50
60
80
100
220
240
280
300
320
340
380
400
420
500
550
730
220240
234390
218620
235600
206420
251570
251890
252170
252490
252950
253880
253900
253980
107410
260190
238430
263980
108600
266150
266430
221100
268200
270370
251970
236510
7670
8850
8870
409710
409720
271590
244450
34870
271500
274170
222880
274560
235320
225840
278640
222900
282100
282440
283290
286120
286940
287100
287120
287700
291010
291550
292630
293180
286160
295730
297020
351030
299260
299460
299720
70120
8980
286690
287390
301480
301520
302610
304930
238090
224600
306830
307050
307170
256190
310380
311080
311100
311120
311340
268420
55100
227940
314010
314020
314450
315430
315640
317250
258160
265650
8190
321040
250400
321840
287450
302510
307690
324800
330350
331470
274940
318100
215470
333930
247730
335430
277950
337950
338340
2400
319630
341310
341500
342970
316390
343360
334040
344040
346110
407530
347430
347560
349480
349500
349700
287290
351490
351790
355180
326180
326190
351640
355840
356310
356640
357290
360380
360640
360650
360760
303390
363490
363970
364110
364470
365070
365720
366890
371440
371670
375510
381210
381560
383120
383330
383580
386360
389300
306040
355150
391070
391460
391420
393360
397500
287920
399790
403560
15700
407230
407840
410210
403040
225540
415270
416080
424000
359550
623990
239140
431710
431960
433850
434420
438100
439250
244930
440760
444090
295110
365590
461140
461520
468250
474960
223100
476540
485580
302670
312450
273350
503300
402570
508670
519190
530330
530620
533300
536930
444200
545250
550650
530700
555570
558100
8500
447040
460920
436520
578080
579950
375230
590910
612880
506540
619910
368070
644570
386180
394230
666220
674020
22350
368420
466240
755790
476620
823130
841860
863550
884660
961440
686810
226840
