10
80
300
20
70
220
240
380
4000
400
420
550
41700
22490
35130
50300
55100
620
67370
20920
109600
200210
218230
230410
236390
238070
238960
206500
225260
210770
65930
218620
252490
262060
211820
271590
222880
286690
287390
304930
312990
227940
265590
317250
326360
331360
730
340540
287290
365670
376570
388410
412470
280790
391220
438040
444090
543790
546390
555570
8500
578310
588650
511800
610080
572520
204300
666220
251950
504370
231430
368230
813820
823130
883710
586980
961440
326160
489520
204880
308600
1046930
219830
226840
