240
4000
11450
12810
40100
8190
8930
99810
620
104200
55150
17710
205790
20920
730
218510
201790
17080
38830
104700
109600
230410
238960
240320
272350
286080
214420
248570
265630
271290
202090
206500
239220
221040
210770
35720
219640
254040
270370
550
273110
222880
225840
286940
238460
301520
302830
303390
306830
8980
49520
217490
729040
312990
227940
206420
317360
200110
319910
312150
307690
330760
331470
333930
334920
336510
322330
338180
346900
347430
349700
287290
339280
356130
356310
360760
320590
363970
364470
218640
296830
374670
380840
381640
383080
385770
386360
291550
389300
391460
253030
377150
397900
399660
238090
299360
236110
415270
415860
417860
427270
360730
438680
439440
443810
444090
445720
446150
348460
454600
205890
460060
462780
381210
491170
314010
502550
513440
522090
531960
533780
545110
547680
550650
557810
558100
563560
302590
578310
588430
594960
511800
610080
622470
572520
559460
305050
652980
666220
672680
304930
700330
22350
705220
725340
466240
504370
368230
360620
203770
356420
897330
495580
530630
984110
231430
489520
271240
1046930
275390
226840
