300
2500
4000
475150
2270
4760
11200
12170
12180
13230
13240
13250
15100
70
220
240
7760
21000
10500
9480
22200
228200
3590
22320
12470
9870
17390
24720
15170
15370
15380
6060
6010
3700
38400
38410
39800
25990
73230
32370
35000
21690
32400
20500
667720
24870
17450
41000
32440
550
22370
35140
6840
41010
32470
34010
47730
21130
33910
33930
24780
65700
42960
44310
70300
38600
8980
40800
65720
78000
47870
21090
34330
32510
44320
321040
9990
620
73020
72200
104200
91200
105600
20920
104600
91700
21100
24960
17460
24980
107310
22230
55150
96100
107100
28050
35450
400
24240
8930
102840
3830
115100
65800
201280
39190
32800
41070
12830
44340
22600
70640
70660
22350
105450
80330
80340
80350
80360
203770
71000
203210
207650
7520
102600
207320
105800
205610
207610
41500
200710
211580
98300
211360
212680
204180
207350
207080
213330
97330
49470
55230
409710
409720
206440
214340
200260
206210
35700
35720
108710
113200
204300
108700
209080
730
208580
72000
215510
204360
7510
34030
219150
205270
200510
200170
214560
219640
218680
4920
211400
203140
43110
462780
45760
204880
201790
4570
228280
219200
220440
42910
223810
223870
223850
209120
57690
13140
99900
105430
109600
236390
243870
206480
262410
202090
226320
226980
245550
252150
224580
34870
225260
203160
204080
225420
230050
233450
227160
34270
203650
212480
225140
228260
8870
1250
233720
44350
210770
113020
216250
228300
236730
234650
233270
215690
220200
48220
65930
204450
238210
237430
222730
222480
236090
231740
72850
8500
224420
233250
228960
242110
229480
217140
208140
231430
213850
98200
244850
225160
241320
203630
201420
40390
91310
40300
207930
234390
244070
237630
860950
243950
248650
222940
218620
233840
238280
249650
209000
239820
225280
206420
250180
214550
223670
111900
226720
251130
251430
251530
251910
252170
252330
252350
252490
252950
245170
253900
253980
243450
214950
92800
226960
255370
249870
249130
223220
246960
224860
205650
234670
239720
233130
257350
258200
247000
235980
250400
49520
238010
221040
209190
236890
244090
236470
207750
219830
262150
262280
221380
263260
263280
263300
263620
263980
264300
242700
227300
215530
265930
266010
266130
266210
266840
201040
226840
267490
267530
202170
267900
269250
269650
270910
236510
271590
271820
300550
237990
273240
245050
273570
274290
274310
222880
274560
251570
277430
277890
22100
48700
48720
278460
239160
235210
281610
246620
282210
282800
282900
283290
283680
254700
43160
4700
246580
284950
351030
285900
286260
286570
249380
505170
287340
258180
287980
288160
236150
288470
41900
240760
233290
291010
249990
292910
293320
294230
256290
294810
294860
295690
245620
222900
296870
297000
298600
237930
299460
299950
239120
292120
286690
287390
46500
46510
253470
244160
303390
304530
306040
63380
310510
9900
311290
311770
311860
312540
312610
282010
282030
313740
314020
314030
314150
314450
255420
314790
255070
315430
315810
220820
265300
316660
247950
317250
317620
272510
318600
319760
319910
320340
321800
287450
323060
323320
226560
302510
272470
241930
238320
275670
258970
245300
286880
297860
300820
301980
315440
316030
316260
319170
322600
327740
327890
313690
328760
329000
329380
329490
212580
331390
331790
332070
234630
333600
282070
333980
203830
219910
220740
230820
241910
243200
255280
255320
268540
222420
335700
257510
338320
2400
319630
340070
340650
340730
341090
341500
341800
342380
343440
289690
343710
326480
344770
344910
301910
323470
222440
347560
347830
348020
348340
348550
348670
348950
349790
287290
350640
351490
331450
353270
358270
353640
275100
353700
352400
347670
354240
255710
261640
358750
359900
360150
360380
361280
362890
248610
267750
363440
363490
363620
365450
339800
364690
312750
346830
367120
367450
368160
368360
280140
368750
249230
329050
237890
260130
312790
370510
243970
351710
371670
219740
322330
372000
226860
372360
292030
373180
332380
375200
375510
377290
377680
377710
377720
331600
380020
382890
382900
366250
383330
383460
385070
385080
385370
385800
386970
261570
387340
388120
388410
388750
389140
389730
234140
390970
391070
391260
391310
391660
391420
393430
393980
65980
394310
394540
268870
255300
260160
265330
281750
314810
314830
323720
327220
339190
351860
382140
397340
225540
397500
397980
399430
400020
400170
345240
360170
401190
402180
403190
403560
403570
403900
15700
351970
238090
298630
388060
407330
407980
332400
410210
410710
282440
412170
412600
341310
396160
399790
407230
230230
373420
415350
415480
416080
307670
418070
420060
420110
208650
243470
420740
421050
421700
421740
423710
423760
348710
424840
425150
425210
371660
425580
426000
304240
339340
426690
405310
268500
427820
239140
429470
431710
431860
391220
433340
433950
434050
434420
434460
434570
434780
434800
290790
438010
438020
438030
438130
438180
438270
438490
460870
438640
439190
439250
354380
359600
359610
442120
374320
444480
446640
446990
447970
448510
448560
448630
448640
449200
438480
539720
562360
636150
451760
451880
447780
447800
453820
454200
454890
454930
455400
310060
457820
459220
459820
460120
460790
460960
461640
462220
271240
463210
463220
463350
464230
466300
466790
466840
467000
467220
467380
468000
468320
469730
470220
471910
473470
475220
477160
478010
485330
485410
485420
485490
485890
487220
487430
487580
487590
487600
327030
332310
489890
489900
314710
375230
490940
491580
495890
496810
496870
497260
498030
498040
498050
499520
273350
500570
500580
500590
501930
503300
508190
509220
321960
513530
513630
514470
514480
514490
515040
517000
289070
520530
337000
521500
521930
521940
524390
524580
525040
526880
527190
527480
527490
527710
527990
528090
529590
531860
307780
532600
533300
537180
539670
540610
540840
542690
542710
542720
542730
542740
544140
451780
555640
555700
282560
562220
562810
569970
489520
571530
575510
575550
575640
578080
581520
585910
588430
588970
591420
356190
604240
607890
610360
611790
611980
621530
635730
640590
644560
644570
645090
323580
377160
704450
368420
735580
582160
504370
236870
613830
488790
627270
632350
812140
304390
1046930
