240
4000
2990
4570
11450
12200
33910
12810
13570
6020
24790
550
8190
42910
105600
57900
96100
72850
55230
48240
204340
201700
115320
50300
113200
49520
217490
219640
4920
17080
47410
109600
113420
212070
212500
218230
230410
236390
238960
240320
263500
272350
39000
214420
242720
265630
271290
42160
206500
253710
233450
203250
244850
224540
218620
206420
251570
252490
252950
107410
271590
225840
48700
48720
285500
236430
287700
289300
293540
295710
238460
286690
287390
301520
304050
304930
227700
215080
227940
200110
241930
331470
274940
730
310380
333930
334040
335240
344760
346110
39120
355840
364110
322330
383120
386360
291550
388410
389300
391460
393420
299360
280790
431960
359600
444090
449140
449530
462780
381210
223100
302670
273350
505460
526740
529180
555570
8500
578080
304390
306130
506540
629760
637650
700330
722960
290080
813820
834910
611500
707010
