220
360
380
4000
420
11450
550
3730
22490
42910
63710
95300
620
105600
98800
70600
72850
41070
204340
91310
113200
224540
102700
212800
236390
265630
224260
225260
216250
219740
322330
41050
41060
242760
218620
251570
252630
253230
253430
253900
233130
49520
217490
211820
271590
222880
274900
222900
302830
304930
310370
311690
315640
317400
322170
238320
331120
274940
10
80
730
257510
338170
250900
219150
274170
341190
346010
346900
356670
363970
370100
374900
376870
381210
383870
291550
391540
299360
407560
420530
438100
444090
596350
485310
48000
496300
518780
292030
542340
555570
569760
578080
585690
585830
586960
587810
588430
600450
674750
38400
755790
359550
