240
300
4000
6880
220
380
400
420
12750
24740
24840
10180
10190
550
24960
8190
42700
42710
40800
47870
620
204100
730
204300
204360
49520
200710
224540
11020
99900
102700
208090
218230
236390
265630
206500
203160
44350
12110
12120
12220
218620
252950
271590
282660
287340
301520
304050
304930
305260
291480
227940
321040
24240
330820
333930
363970
368370
291550
236110
417860
444090
470220
477160
491130
550650
444200
434510
386180
723780
734580
504370
755790
795100
805850
433850
611500
222880
304390
893520
1026820
