240
4000
6220
500
13210
12210
17410
1250
33910
6060
6000
17450
11450
12710
12810
39500
45700
24980
24960
8190
33930
219540
45740
8980
42910
7520
96100
55230
2400
2420
63380
4560
228200
91310
209080
730
72850
17080
109600
113400
113420
208090
212500
218230
236390
238960
240320
258700
223710
233630
202090
224260
235340
253710
224580
220440
203160
227480
242760
244850
224540
216250
246900
265210
206420
252490
253430
236510
250400
238430
242700
550
271590
273110
222880
251570
222900
304930
306830
307290
268420
227940
315640
200110
21690
221040
24240
17570
305620
344760
346330
349700
235540
360170
365720
238370
386360
393420
401190
280790
225540
239140
441790
365590
487120
319630
512470
444200
555570
8500
582500
588430
506540
619910
648800
22350
251950
466240
755790
433850
845070
544920
884660
304390
43110
44350
