10
80
11450
35700
17450
72400
21100
42910
105600
41070
20920
201700
104900
115320
204360
51100
236390
238960
39000
223710
242720
248570
265630
224260
8870
216250
35720
242760
2320
220240
246900
265210
218620
239820
252950
49520
217490
257750
251170
238430
262280
270550
273110
274170
222880
200510
286810
245620
238460
286690
301520
304050
250400
224600
311690
269210
317360
322170
323850
307690
238320
274940
730
333930
346010
346330
346900
307780
349480
255710
355180
356670
365720
367030
372800
380840
291550
387990
352460
398710
236110
219740
322330
424280
434570
434730
438040
438100
444090
596350
457140
477160
482120
359550
417910
510050
527450
564710
575640
578310
582500
588430
612020
391820
386180
674940
700330
504370
804320
813820
