10
80
300
3390
4000
220
18300
500
1250
550
40800
620
104200
105600
92100
96100
48000
107100
24240
72850
67370
20920
211580
204180
214340
113200
204360
49520
219640
223730
200210
207230
208090
230410
238070
286100
224260
221040
227860
233450
228300
10680
242760
233250
201420
238240
91310
216250
247020
225080
248820
218620
206420
250460
251430
251570
251910
252330
252530
252950
253650
253770
253900
253980
233130
255520
257830
259390
259550
259600
261490
261760
262210
263960
264220
264480
264710
265120
265300
266250
266330
267980
211820
268240
268750
269210
269670
270550
271640
273770
224480
274190
274350
222880
274560
275080
225840
277500
277870
278360
280640
281060
282140
283040
283180
283290
284240
284390
284930
286340
289090
233290
291010
291330
292370
292570
293780
294020
294040
294140
294230
201810
256290
286160
296470
296910
297080
298600
238460
299460
299720
299840
301190
301200
286690
287390
301540
301640
301680
302120
302710
303390
303830
45760
304050
304500
304930
238090
307070
307170
227700
311690
311860
312640
291480
313020
313140
314450
247080
315060
222900
233720
319230
319830
319850
320040
203160
320540
274940
321040
250400
321150
265550
302510
323850
301970
241930
324420
307690
238320
324800
327260
327690
328500
329000
331340
331440
730
331790
305620
332480
332780
282070
215470
333930
334070
227300
335900
335220
338050
252490
250900
338320
2400
339290
339470
339860
333760
340280
340300
340310
340470
340650
341090
341120
341310
341550
342500
340220
342620
342650
343090
332500
343710
343810
334040
344130
344770
345120
346180
346330
346560
347030
347510
348020
343100
342300
351150
351250
351490
352520
354030
352400
351140
354930
355100
355280
255710
235540
357120
357290
297130
357500
357600
357900
358080
338530
359310
232090
360380
360390
360880
361190
361990
271590
363490
363670
363970
364050
364350
364420
365020
366060
366180
366210
366610
357070
366860
367450
367520
367780
238370
263980
315430
341500
368700
368710
371210
371390
371420
322330
373120
373730
374830
375010
375460
341940
377660
378270
378370
378610
379320
375850
379990
380840
381210
382120
382490
383230
383330
383520
383560
371970
384190
384400
383870
384680
367580
385070
385080
385270
386140
386360
386420
386700
387060
261570
387290
291550
387930
388120
295790
388420
388500
390570
306040
314020
355150
390970
391130
391560
391660
391720
391740
391960
393230
393460
391210
394260
394310
394970
395380
225540
397690
397700
397980
397580
391260
397500
407230
398710
399530
399790
399890
401190
369360
403560
403570
405180
405610
406090
406120
407020
407810
407840
409380
409440
409510
410120
410130
388410
462780
236110
411740
411760
412150
412170
412290
412600
413150
280790
396160
414290
414700
415030
415420
415960
416030
416080
416200
418000
418070
414070
418120
418430
418960
419090
208650
420740
421020
421040
423230
422970
423760
424000
424840
270570
427770
428550
428430
429200
427730
431560
431710
431960
432170
432470
433340
433850
433950
434260
434420
434500
434610
434650
434800
434890
436140
436300
437900
438010
438020
438030
438100
441010
441870
443460
444090
444480
445980
446640
447820
448000
448250
448260
448320
448470
448630
448640
448780
448790
448940
449540
449550
450030
450850
451100
275850
453820
453850
453950
454080
454690
454870
454890
455110
455710
457210
457820
459100
460950
461720
461880
461890
462200
462730
463050
463100
463110
463210
463220
463710
207140
464960
466830
466890
467000
467010
467390
467960
377160
379720
469730
470450
471170
473470
473670
474050
474960
475990
223100
485080
485120
359550
485350
485390
485440
485560
485570
485640
485660
485830
485870
485950
486150
486820
486880
487270
487420
488330
488280
491080
491260
491650
492170
493710
494660
496590
496680
496690
496920
223850
500100
273350
486480
502090
502140
502910
503300
503820
319630
507390
509420
509930
510660
512700
513510
513560
513590
513610
513620
513780
513820
514660
104900
514920
514970
515470
515690
518030
337000
521230
521920
521940
522570
525190
526460
526740
527450
527550
527750
527760
527770
528510
531240
307780
533540
533620
533820
538590
539440
531490
541100
537860
543770
543780
543790
469820
545410
545470
545700
546340
546400
529760
546980
546990
547960
553640
554530
555160
555670
555700
556110
558620
559650
558610
447040
562240
563120
565340
567170
572010
422870
575460
575550
575820
578080
578260
581000
581010
581200
581430
581610
582280
582500
582580
585560
585790
585830
586130
586380
586470
586520
586530
587050
588650
590420
593290
593600
524220
596870
356190
601150
602830
603290
603570
604160
604810
605520
606150
607700
607890
608390
611790
617240
618140
620980
621060
621530
627690
374040
640310
644560
644570
394230
403640
654990
661790
665180
668560
668630
673130
674940
677980
323580
680320
686190
681280
697850
698780
702670
704850
705120
621830
712050
466240
736190
582160
743640
751780
504370
753420
754040
757170
760870
763410
236870
771350
368230
774171
774281
496300
591530
788770
793350
209670
806140
811540
813820
816190
824190
552500
203770
842290
844870
382260
851100
544920
454150
865090
873240
611500
878750
879160
880510
728880
274500
714010
914690
915460
927890
304390
937170
955050
963690
555440
984750
992300
231430
998930
1003520
1004240
728540
1008710
1014440
1045050
812140
632360
1060670
1064730
1070330
1073440
939510
275390
