10
80
220
380
4800
240
4000
2320
2200
2350
4500
400
420
7940
20510
20900
16450
17430
29800
34900
24870
10190
550
22370
41700
46410
43110
42500
38600
70110
8980
729040
47870
34270
99810
620
55110
91700
57900
21100
11280
45760
55150
96100
48000
2990
6220
12360
201510
202710
205790
67370
22490
108710
207610
104900
204180
12750
113200
730
200510
49520
217490
202970
202990
212910
200710
41000
41010
41050
41060
41070
227780
214870
1930
224900
223470
223630
226120
17080
51100
109600
207230
208090
230410
236390
238960
224260
226320
245550
343450
44350
113020
234650
224420
35720
233250
12100
12110
12120
12210
12220
12230
12240
12250
215550
91310
216250
234390
218620
238320
251530
253900
253980
254060
263060
268240
218640
269890
251970
8930
7670
8850
8870
409710
409720
271860
273110
274560
274900
278360
278460
278970
282440
283230
283290
43160
284950
351030
285160
285840
286360
287120
219740
322330
292380
292630
292910
293180
293560
201810
295930
296050
297020
299260
286690
287390
301520
301750
302240
303390
305260
307070
307350
227700
311250
311680
312640
220820
317940
323370
241930
327410
261640
227180
24240
329380
332070
333930
335430
277950
349580
351140
354860
355840
357780
336420
364690
366760
372820
374670
341940
379290
380600
343100
384150
389300
382490
236110
400240
400250
57300
388410
462780
230230
373420
264240
444090
491950
499460
530700
444200
552990
558100
581030
208140
351940
625940
386180
323580
233130
368420
232050
286570
439190
611500
334210
356190
391720
365450
222880
696370
304390
96000
402390
510840
638070
489520
204880
308600
285800
343710
370910
1046930
