10
240
22380
40800
105600
20920
8980
24240
113200
72850
48240
104900
730
202970
202990
212910
200710
51100
109600
230410
236390
238960
224580
203160
219740
322330
235700
242760
242550
218620
206420
252490
107410
213670
49520
249130
262060
271590
287700
295110
433850
286690
302830
304050
304930
63380
311770
291480
313120
227940
222900
322170
241930
238320
261640
289650
333930
306930
345520
346110
346900
349480
354380
306130
363970
365590
524440
370100
292030
376570
383080
387290
389570
393420
397900
234140
409510
280790
311210
423880
359550
434260
438100
444090
444560
273350
537421
550650
555570
252850
447040
582010
582660
524220
615610
323580
582160
753420
755790
236870
813820
814380
876330
878750
1008710
1060670
