50
130
220
380
4000
420
12360
12210
24740
1250
6060
550
12220
33910
33930
219540
17410
8930
22490
40800
47870
50300
42910
44320
321040
620
12150
24670
46510
50130
107100
35700
12100
12200
45300
110800
205790
400
67370
200390
12750
108710
10
80
100
240
730
217490
220820
208200
219640
218680
12110
221640
43110
227300
57690
236390
224580
225260
232950
44350
210770
3910
65930
218620
47790
239820
252490
232010
261110
252150
262280
226840
221100
270880
57300
222880
48700
239160
281370
286690
287390
266840
301520
65790
303390
304930
63380
311120
311140
313480
265590
222900
318600
203160
307690
238320
24240
219150
274170
12120
271590
255710
362890
223470
234140
360170
48000
491950
552990
578080
209080
386180
657200
368420
40990
368230
203770
863550
611500
231430
370910
