10
70
220
240
300
3350
3830
4000
7110
3480
6910
2400
7200
475150
228200
2310
2320
7670
409710
4760
4500
400
3020
2500
11200
4700
12160
12500
12900
13230
13240
11920
8260
8270
15500
19500
15700
22000
3540
500
20710
22100
13600
18500
9480
12430
22200
26800
26500
23700
1250
16720
3590
10150
9870
34500
23120
21660
35700
32360
3700
35310
21680
35140
37400
37420
15520
39800
32380
32400
20500
667720
40300
550
40700
32200
39530
8980
34810
41500
20900
40400
35600
41000
31410
40720
37000
18820
46400
38700
409720
41300
44200
48700
20820
45400
40930
49600
34270
33680
41010
49400
42650
32460
22600
47540
62100
31280
9940
70100
70110
462780
227780
6120
8970
35460
63700
72200
40800
31700
70300
9500
63200
15740
31290
94500
94510
94520
94530
92300
57700
620
92800
63710
42910
93200
91900
92100
63000
15540
95300
70000
91200
96000
57900
45760
48720
98200
104200
45450
105100
96200
105600
20920
104600
42140
91700
94200
102200
11330
11280
46500
46510
46540
98800
107310
22230
55150
96100
48000
107100
107200
111800
28050
41070
17710
24240
58230
113200
55230
80310
65800
115100
111300
200910
116120
110400
200190
202410
72850
201570
48900
35720
80330
80340
80350
80360
41800
200900
203730
239430
50820
41900
200940
204880
65300
102840
115110
207430
42170
207530
45000
111100
208600
207420
203750
108710
209520
207490
207170
207150
105800
209120
96400
203630
208670
209330
207610
211440
208140
205350
29800
104900
211600
207690
211360
212050
94300
204180
207080
207020
210170
205910
200010
215280
214340
108200
11260
207650
108700
209080
211180
202170
206370
730
215670
72000
215470
200510
214790
204300
200260
212680
214970
206440
209670
220780
204360
220860
96300
49520
221260
217690
215790
200710
219910
205060
222160
7510
203140
18420
219150
205100
200170
204630
214590
214560
215510
219640
218680
223470
223220
223830
211400
4920
57690
214610
218740
215930
220460
201790
1930
38600
224920
220740
606730
212110
222140
225600
221640
223390
209190
227000
212700
4570
227580
225140
225160
227220
205070
228280
203160
212480
220090
209540
227280
368730
219890
230050
204240
225260
224820
211260
218060
233230
227380
224220
228260
233980
225420
234490
233450
8870
226740
227180
227080
233740
230150
230700
224500
232770
234900
57740
233550
233720
232750
44350
210770
113020
219740
322330
224760
235250
234650
234940
234290
222730
234160
215690
65930
238210
35450
225360
236090
206190
231160
224420
237570
236370
242780
242820
242880
233250
243120
243160
243200
243280
229480
228960
242110
229890
241600
217140
239800
201420
205080
239450
244690
244710
244810
244870
245150
237110
237590
241320
40390
218820
91310
207140
45740
234390
246800
246900
255520
246960
246980
247020
214770
241620
247370
244070
239030
227600
205090
243780
208610
245170
244590
244730
237630
860950
241910
239070
248310
248330
248610
248650
248820
248970
239350
222940
233840
238280
249590
249650
249990
250030
250050
250110
226720
250180
250260
250340
250580
250620
250660
250700
237740
214550
250900
204450
233270
251130
251310
251530
251570
251730
251830
251870
251910
252030
252110
252310
252350
252370
252410
252430
252490
252610
252630
252670
252710
252770
253230
253330
253350
253570
253610
253650
253900
253920
253940
253980
254060
243450
224460
243800
231330
247240
236510
234000
222640
255870
247660
246760
245620
257120
238910
233130
257790
257830
257850
257890
258050
258200
247000
238930
231720
45500
245390
258910
247830
259490
259510
259550
259600
259620
259830
268540
94400
260160
221910
240360
254440
260570
244090
238430
207750
209000
261110
261180
219830
252150
261530
242700
233190
261760
261880
262120
262150
262260
262280
262390
262470
262550
262690
262770
262810
247870
40970
263020
263060
263300
263320
263360
263420
263460
263680
263700
263740
263820
263860
263880
263960
263980
264000
264060
264120
264140
264220
264240
230070
264280
264340
264540
264560
264690
264710
226980
227300
215530
265610
265790
265830
265930
266050
266110
266130
266330
242530
251690
267360
201040
226840
267900
267920
267980
244410
268240
262940
25000
268830
268870
269110
269210
269310
269330
269490
269610
269650
269710
270090
270310
270450
239840
271550
271570
271640
267670
270750
270760
271820
271860
232790
272040
272330
272470
272670
206420
224480
274190
274290
222880
274560
274900
275200
275390
275470
275490
275530
275670
277510
277680
277890
278100
278360
239160
278460
278620
279160
279260
279440
279480
279640
280160
240760
281200
281220
235210
281750
252010
281940
282070
282140
282760
283290
283390
116100
284390
284410
284830
284930
284950
351030
285010
285050
285070
285820
285840
285980
286000
286040
286200
286260
286340
286360
286500
286570
226100
262590
287120
249380
505170
287260
227560
236930
287840
287980
288060
288930
289090
243930
233290
289760
290280
290770
290790
290930
291010
291130
291330
251430
292370
292380
292410
292500
292570
292600
293300
431290
293780
293940
294020
294140
264520
294810
295490
295670
295690
295730
295930
296050
296490
296510
296710
296770
296870
296910
297020
297490
297920
298520
298600
298890
237930
299260
299440
299460
300320
300550
300570
300580
286690
287390
301740
301750
301860
302010
302120
302610
302650
302710
302850
303390
303510
304930
238090
305740
305780
305820
305980
306040
250400
306350
63380
306950
307070
307170
307340
307350
307430
285440
307580
307590
308000
308040
308060
308460
310850
311010
237850
311250
280740
311680
311870
312230
312530
312610
312640
262240
265170
282010
282030
312840
312990
313080
314020
314030
313020
314070
314150
314250
314410
314450
265590
314790
314830
255070
315340
315430
220820
316790
316930
317040
317250
317400
317620
253510
242130
318130
318230
318530
318600
319180
319470
319480
319830
319910
229810
319970
320040
320140
238010
320540
320820
320840
304410
321040
321150
321260
321270
321870
321950
322190
289930
322540
322680
322910
323040
323060
242640
232890
323580
301970
324070
241930
324260
324390
324420
258970
238320
324740
260330
325090
305050
326150
326410
326520
326950
208750
327090
327220
327310
327410
327510
327890
255320
314810
261640
328500
328600
328730
373970
328760
329380
329490
329690
308420
330180
330580
330660
330820
331220
331340
331480
331570
331870
246110
332480
332620
333250
333490
262850
276810
335190
335430
335550
222420
335920
336030
336090
331650
337290
337480
335220
338050
338060
338120
338130
338140
332530
339130
339160
339200
339400
339590
304650
242680
339800
339900
340000
340050
340070
340270
340360
340490
340520
341070
341090
341530
341550
304240
310740
341940
341980
314660
342300
342360
342610
342620
331760
336710
336730
343280
343360
343840
343860
344130
344300
344880
345220
253390
270810
222440
345820
345860
346560
294440
347030
347160
347410
307780
347560
266510
348360
348550
349680
298630
350740
351090
351250
351400
351470
351490
351910
351990
347440
352890
353090
353190
353640
275100
353700
347290
354240
354400
355560
355810
355970
356040
356210
235540
356570
356910
357120
45770
357720
358650
358830
358960
359100
359140
346850
348300
236450
359900
360450
360620
360830
336420
360970
361190
361280
361300
362090
362290
362890
363420
363440
363600
363620
363930
311720
364640
364930
365120
365310
274270
365770
366210
366220
366250
366320
366760
367080
364900
367450
367520
238370
368080
368180
368360
368590
368680
368720
368830
369290
369640
369990
343100
370270
370460
243970
343440
370910
371300
371390
371450
371670
371970
372210
372820
371330
373140
373180
373240
373600
373620
373770
374830
374900
375120
375460
267750
376520
377600
378080
348820
379960
381120
382140
383230
383750
383790
380550
384110
384190
384310
384360
345180
384630
384680
367580
385310
385560
352220
385710
386620
386750
386940
317820
388120
388210
295790
388410
388420
388750
388880
389310
390290
390520
234140
390710
390870
391260
391720
253030
391420
393430
393460
393520
393950
394310
394540
325370
394760
331190
395170
395570
382490
396350
397340
397500
397870
398710
398850
399670
400020
400180
400370
400630
360170
401120
401680
401710
402310
365450
402530
402590
402591
512360
403180
403570
404540
405640
405710
405970
406970
407230
407290
407560
407720
407810
409100
409450
410110
397550
410710
410820
411610
412130
412380
412620
412860
413150
409730
414290
415030
415150
415350
415960
416030
416680
416790
417730
417980
418040
418180
418240
418120
418440
418300
418950
420660
420770
421040
421050
421120
421740
422250
422610
422810
423230
423590
423900
424830
424840
425160
425210
376300
425670
426000
426630
339340
427190
428550
428750
428430
429220
428900
429470
429620
431250
431650
431710
432940
433100
433910
433950
434050
434210
434260
434420
434460
434650
434660
435400
435530
436530
437390
437530
437920
438080
438270
439190
439250
440420
440880
440540
441380
441870
442780
230270
443810
444720
445870
445980
446020
446050
446640
446910
447820
448070
448510
448620
448750
449210
449510
449680
451830
452060
452570
447780
447800
454100
454180
454950
455400
314710
418670
457210
457760
457570
458510
460700
461640
461940
461950
462620
463150
384250
463270
463350
463550
463700
463710
464060
465760
466420
466840
365190
467950
470060
470780
471380
473140
473510
473530
474210
274500
475550
437160
477160
479260
390340
482120
338390
484830
485560
485640
487350
355800
489140
489470
361230
491950
492130
492290
492500
493200
493540
493730
495050
368230
496300
496620
499520
499660
500320
500670
502770
504130
505730
369070
506900
508300
508530
508980
509240
510620
511470
512300
513480
514620
514900
517710
518620
521920
525690
526790
528430
40980
530020
530320
530390
530950
532110
534290
535230
437570
536560
115800
540610
540840
541240
542400
489520
544330
549260
552590
553210
553340
554600
555150
249050
526920
507490
559210
559870
252850
562160
562570
562650
565660
565720
567000
568090
568440
569610
570500
571020
573600
574310
579760
558320
581270
470210
586880
355790
593680
594680
595140
597860
598700
598940
599750
603260
606950
498320
609490
610310
612930
614630
617440
619700
228360
623940
624270
625680
234270
628770
629440
629770
633060
633130
633360
635200
639720
643880
644560
645820
278910
650220
218620
371200
651660
654050
654880
665360
670350
680360
680480
535480
584400
650780
635320
368420
678950
409320
742460
743390
231430
310950
809880
813650
513780
814650
571260
203770
232050
853380
270550
490220
718670
878580
334210
304390
402390
510840
638070
308600
285800
343710
