2400
2420
2430
3830
3910
4000
6880
6910
2270
9000
9010
220
320
340
360
380
400
420
13560
3320
3480
12210
18500
17470
3590
1250
34900
37400
37420
32370
6020
6030
32380
32390
32400
41000
22370
45300
8190
8850
41010
43110
34270
24780
17410
50620
8930
39800
9500
22000
22180
24420
62100
22600
70100
35460
80360
18400
78000
31280
72200
40800
47870
22650
45500
92300
31290
94500
94510
94520
94530
42910
50300
34330
12120
55100
45450
91900
70000
91600
10
20
30
40
50
60
70
80
100
130
240
280
300
500
550
620
104700
249610
42140
105600
57900
98200
105300
7760
21090
21110
49600
11280
46540
8980
55150
111400
107100
17710
22230
200110
70600
24240
65800
70620
70640
70660
70650
200910
201480
38700
80000
92600
201570
12100
202090
70300
205790
38600
583930
18700
26500
26900
202530
33680
205690
105800
203210
22380
207250
41300
204140
209330
208600
204060
33100
203630
203650
207610
205350
7670
409710
206020
206040
205930
211800
200260
98400
207080
12750
209790
214420
6920
28050
201280
96300
4570
4580
9310
9450
56400
25800
108710
202750
35140
113200
204300
217200
211120
730
63700
92800
209690
38740
91200
206370
215670
200510
41500
214560
206440
209670
219640
4920
220860
221260
49520
35450
35480
236830
206980
205100
214590
218680
211400
225140
221640
63800
12110
2280
2290
2300
9160
220440
220700
227280
368730
219890
57690
230050
99900
102700
200210
286080
3483
39120
55370
242590
286100
224260
226980
245550
256410
257730
264380
96900
15520
234490
227180
227080
234710
230700
235250
219740
322330
224760
228300
234940
221380
234650
215690
238210
72850
39140
239450
244850
240160
240180
240200
237110
247020
214770
217140
860950
248190
209000
250340
111900
22200
251370
251530
252630
253530
245170
234000
255870
234670
259390
221910
238430
263080
264280
265210
265670
265930
233150
267530
268910
270370
270550
251970
271290
271730
271860
57300
273770
222880
280460
282880
283230
254700
284950
351030
286320
286360
286690
287390
258180
287700
8870
289090
290930
292630
201810
295730
295930
296910
297020
298260
300550
203140
301480
303390
241240
306680
63380
302380
307170
307230
307640
270570
13520
19900
220240
233270
310380
311340
280740
312640
312990
277950
315340
220820
317400
317470
315260
317790
257630
238010
320400
321480
17580
214490
241930
327410
261640
330830
17570
331470
332480
339120
339400
344040
346900
347360
347370
347430
346370
348360
351570
351800
358180
358230
358280
358290
358350
358410
350810
354900
356310
356520
360870
361630
362890
363440
363970
365070
365300
367000
367500
316790
371180
372540
374570
375820
341870
384980
385830
275390
388490
253030
397680
331600
398850
234140
404580
405640
409160
410110
397550
410710
411180
415420
417860
422910
424280
203160
438180
443580
444560
438480
539720
562360
636150
452220
461560
462030
462930
466270
200940
467380
469890
479110
487220
49540
511470
521340
530620
533690
535760
536930
489830
560260
564710
567090
463150
208140
587650
588430
375230
665490
665920
666220
17500
671720
684410
207690
584400
22350
365170
720670
38400
738390
754810
781440
787990
797470
715510
479310
804320
212680
823130
823700
203770
884660
961440
