10
30
80
100
240
300
4000
2990
6210
220
380
400
420
2500
11200
12900
19900
17300
12200
17390
16620
24740
16720
32440
550
38230
33230
24960
33910
33930
17410
39680
39800
57300
8930
12210
31280
40380
47870
55100
201830
70000
620
92000
72200
91200
105600
95500
97000
46510
91600
27940
98600
24240
113200
201490
70620
9200
55230
110800
204030
67370
12120
22600
209370
203630
104900
108800
214340
208500
108700
730
214250
206440
212780
220860
99410
221260
1200
1250
35450
35460
35480
220260
203140
219150
205100
214590
215510
219640
219910
211400
4920
57690
1930
202170
220740
218680
201790
4560
50620
55110
228200
212700
4540
475150
113020
203160
227300
204080
230410
223710
231200
224580
34870
225260
33730
232010
233450
233740
233470
232770
232050
230650
225420
215690
227480
234710
44350
210770
235250
224760
234190
237430
57640
236090
206190
231740
242760
242920
237590
9480
40390
225640
91310
40300
234390
247020
239030
231040
239070
248190
222940
218620
245280
238320
250340
111900
222900
251870
252490
252950
253030
253130
253430
42910
203770
253770
25800
253980
243450
49520
241540
245620
241910
259550
259620
259740
259780
254440
252330
207750
261180
249130
261640
263280
263300
263740
215530
265930
257750
221100
268810
269610
270850
251970
271370
271550
271570
271590
272890
11450
44340
44320
275080
275490
277500
22100
48720
213670
281200
246620
283290
116100
284730
284790
284810
284850
286570
287200
227560
287340
287980
291170
292380
292410
266840
293340
286160
295790
296050
296470
297020
299260
299460
302440
95400
271500
304050
304930
241240
305620
299860
307210
311340
312840
313650
232430
313740
314010
315260
315810
313360
319270
319510
320310
268050
320970
250400
323190
232890
327410
44360
298110
332790
323470
336250
2400
2420
339800
342360
342380
342970
343100
335660
344790
344810
345090
346110
348340
348450
348540
350530
21690
350500
234920
358480
360890
299740
363970
364640
366760
366890
375180
377190
383870
385490
394290
394690
396360
225540
401190
298630
411300
413150
221380
417880
368500
421050
423770
426000
324310
270880
428690
377840
436150
446470
107410
447780
450590
459910
463710
377160
477160
479100
359550
485690
491950
391040
513710
515180
518790
360430
489830
447020
469820
545270
550900
447040
569480
575490
578080
582500
648800
652660
657200
664430
700330
704850
239140
466240
755790
231430
760460
368230
764920
379430
290080
809960
648350
433850
552520
834910
544920
880940
817130
787860
673950
717690
