2100
240
4000
20
50
70
220
280
320
380
420
20900
22300
10090
16450
16720
21980
1250
10190
550
33230
8190
33910
33930
8930
22380
21100
48190
55100
400
620
105600
20920
28050
55150
24240
72850
202710
67370
108710
104900
209080
730
49520
205100
219640
4920
220240
213610
208090
218230
230410
236390
272350
209870
248570
271290
239220
224580
242760
244850
224540
234080
218620
251570
252490
253650
107410
257850
261180
211820
221100
274170
222880
225840
48700
280160
281990
236430
286690
287390
287700
290140
201810
301520
304030
304050
304930
291480
227940
200110
6980
211740
239160
241930
239140
211420
332500
333930
12120
271590
344760
346110
346900
307780
355180
355840
359320
232090
364470
365300
367500
369200
374320
377160
377330
291550
311210
235540
407840
349040
423230
428750
431960
433850
438100
437220
445980
460930
379720
502280
289070
324810
403640
535480
489830
550650
578080
584210
588650
607260
632360
677620
22350
436180
466240
755790
637650
552500
844870
869760
611500
356650
