300
1520
2630
4000
2990
8600
44630
13560
13580
24740
13570
24860
33910
33930
219540
24780
65700
21970
12210
12220
65720
50300
12120
42680
42690
10
80
100
240
730
227300
113400
203290
236390
238260
223710
262410
223750
253710
44350
220200
231430
218620
223670
252530
15320
24010
252330
221100
269950
270880
550
25890
244850
246620
284160
8660
211500
63380
220240
233270
310560
291480
227940
314160
304730
8170
24240
298110
305620
319630
107410
255710
352120
355840
378860
388080
393380
427100
446800
50130
493490
223850
516750
234630
518790
554620
584210
666220
845070
