10
80
220
4000
400
20900
550
8190
7520
40800
620
105600
55150
203730
67370
20920
200260
204360
217980
223470
102700
206210
230410
236390
238960
240320
225260
224220
44350
235720
35720
218620
252950
254060
261110
269210
271570
271590
222880
278360
246620
286690
287390
298600
304050
304930
238090
250400
311690
312530
227940
313690
315460
322170
323850
730
335300
219150
274170
301640
346900
311560
235540
356570
357780
360940
363970
364470
1250
365670
219740
376570
378100
383150
384180
386360
291550
388120
295790
406150
50620
388410
412130
225540
414070
349040
425580
359550
394310
431960
391220
438100
444090
451830
207140
474750
479260
482120
490940
491170
492130
273350
508900
292030
524340
537860
548430
550650
552990
444200
559650
447040
595140
607260
386180
658850
698780
705120
732430
307780
496300
795100
252490
813820
334210
611500
304390
943380
