4000
12320
550
42910
620
105600
39510
65540
730
204360
217490
200710
4920
57690
6370
202090
41070
244850
237110
206420
207140
252950
246760
221910
261570
271590
282440
285160
233290
290080
292910
296470
304930
250400
317250
200110
323850
327690
329110
332500
257510
307780
266510
297130
353090
356570
360150
361420
364470
379430
386360
386940
389300
360170
421050
423230
440650
443810
474750
475550
304390
273350
552990
555570
578080
588430
506540
627690
394230
218620
658850
323580
504370
869760
888040
231430
227300
343710
879160
