10
2540
8400
475150
220
70
15370
22000
29800
22330
22320
24720
38400
6010
24870
41500
17450
500
550
41900
39510
47730
33650
21130
47000
50130
41060
2850
34270
31280
47890
321040
620
105600
46500
71390
96100
48000
61700
28050
113200
201760
71340
110800
65540
39160
39190
38600
80330
38700
22490
203830
203560
102600
22600
20920
102500
207530
207610
98400
108200
7210
206440
108710
202310
35140
40390
73010
214340
42910
205650
212780
204360
200710
219150
223000
219910
222160
218410
26900
4500
40970
221640
24010
105000
228280
48220
200210
230650
8930
39540
210550
203160
232050
12640
268540
237430
72850
242780
233370
91310
246400
239030
50300
248860
200510
232430
249650
231670
239820
250030
250320
250900
252330
252890
245170
253960
224460
217980
3370
3480
78000
254960
234000
215630
227300
72900
256330
219990
257350
242050
238010
259510
259550
259780
254440
260570
247580
261680
221380
262470
262830
263740
230070
264710
265990
266210
266490
260730
267360
267980
268200
262940
269210
270550
7670
8870
271820
237990
257970
10270
281220
246620
282800
284390
246580
284710
284850
284870
285030
285800
286120
286200
287980
288060
288160
240760
233290
208520
292630
294140
256290
295610
295730
296220
296240
296490
237930
301150
286690
230230
373420
305640
306200
306410
307010
307050
307230
270570
310360
311340
312840
315320
318570
319400
320630
265890
271900
250400
250460
321800
321950
304730
258520
400430
287450
241260
241930
305050
326180
326590
296570
327670
328100
328270
328730
373970
231740
291650
305620
235620
335190
287600
319630
338980
339400
341000
342360
342580
343780
345540
346560
346810
297000
262060
348200
266510
348340
351090
352130
329430
310890
353640
255710
359230
248610
366760
367000
249230
3800
332790
371500
371710
322330
292030
372930
374030
374570
374900
375530
378720
323720
367580
388450
287290
389970
371520
380150
244450
327220
382140
396850
398850
403940
405640
340300
340310
371420
397330
409100
409380
409600
411300
411760
412150
412520
415610
416250
307670
418240
249050
289130
243470
363600
421040
425580
371330
429280
394310
432190
391220
435400
434210
437160
444460
513590
443810
444280
447270
449680
310060
460340
360430
462730
350640
465180
466270
466870
468530
469720
388320
476880
478010
480900
485490
485690
487590
494230
500580
500590
500810
502230
502740
503560
508300
508600
508980
517790
337000
521920
525040
531860
533300
540840
542260
362960
548330
489830
559100
562220
568090
575550
575640
576560
588430
591420
600430
604490
608660
610360
612470
624270
632020
633251
669300
639790
640430
643870
645090
612170
663370
689750
377160
700660
704450
721430
449960
739210
40990
752590
503940
770390
772430
774781
620530
788270
792640
807860
813650
820580
750920
869780
973760
976180
