220
320
380
400
420
55100
620
55230
209080
214510
230410
236390
225260
44350
3910
211820
367540
226840
271590
222880
285160
304050
307070
318600
238320
326360
730
346010
364470
365670
386360
391720
360170
365450
225540
239140
431960
438100
444090
302670
273350
319630
508900
292030
530700
533300
552990
578080
578310
593290
596170
306130
619910
218620
655260
655310
657200
661090
661800
671510
304930
677980
698780
700330
22350
708300
711810
15700
629520
436180
466240
741450
231430
368230
319830
777050
359550
823130
844870
439370
270550
439190
611500
334210
350280
884660
63500
304390
43110
638070
826600
204880
1046930
761890
331470
252130
282100
370910
275390
345330
431930
237870
