4000
220
340
380
400
420
550
55100
620
55150
204880
35000
214340
209080
218510
219640
99900
104700
109600
113400
206210
211500
212070
230410
236390
238070
238960
214420
224260
253710
224220
43160
210770
234650
65930
252490
233130
261180
252150
226840
268870
57300
273110
222880
278360
281750
286570
286940
290930
291410
292390
292410
298260
301520
303390
304050
304930
310490
9900
227940
265590
316010
318600
321040
730
335240
349700
351870
359060
359800
363620
363970
364470
365300
374670
252950
386360
291550
389300
391740
320300
397900
400250
406090
407250
236110
427270
433850
438040
244930
34270
444090
449300
457330
461910
466270
486820
489220
491950
273350
509840
523160
529840
540900
550650
554530
444200
555570
567290
575490
578080
586380
351940
596170
619400
627690
386180
218620
674400
323580
611500
700330
321400
15700
466240
504370
231430
339000
228200
209670
809960
236870
513780
203770
232050
544920
270550
863550
439190
490220
13250
334210
391720
365450
304390
96000
402390
510840
638070
308600
1046930
761890
252130
325180
