1250
42960
91200
55150
9200
3830
201570
22490
204880
207650
108200
207610
202170
209080
230410
265770
206500
252150
225260
232770
210770
234650
65930
243200
239450
251690
253570
253920
253980
254060
254100
224860
233130
259320
259680
260570
261110
263060
265930
226840
253880
268870
271860
57300
275490
280140
284810
284950
351030
284990
324060
285010
285050
285130
286360
286500
286570
292410
292570
293180
294040
294230
297020
299460
300220
301750
303390
304890
304930
306350
307070
308000
308060
265590
318600
321920
321950
301970
238320
327650
339110
339470
343360
344190
345220
345920
346320
346900
346950
347630
347560
352700
274620
351640
357280
357770
358080
338530
360890
360970
362610
363490
311720
365070
368710
368990
370100
371460
372490
374670
374830
375010
375510
377330
378100
382120
382300
382490
383580
380140
387930
389400
391070
391560
391720
392820
392450
398680
398710
399090
399430
400240
400250
400370
365450
404770
405980
406090
409600
410210
412400
412940
414290
415960
416080
416170
414070
422100
422250
423550
429280
429470
432020
432470
432990
434250
311860
329000
331790
340650
385070
385080
391660
412170
412210
412290
416040
423710
438010
438020
438030
444460
444480
444490
447920
448630
448640
453820
454890
457820
463210
463220
467000
467010
473470
486150
491650
513590
533820
563120
576120
576130
587790
591560
606330
443940
444220
447850
449200
449220
449680
454200
454930
455710
462200
463050
463100
463550
464760
464960
466730
466840
467370
467950
468490
469730
469890
475220
476480
477980
482120
485310
486360
486820
487220
489220
491170
491260
491950
493710
496500
496750
497050
498660
499420
501900
503820
504490
319630
505210
506670
508180
509110
509240
509840
511750
512640
513780
515470
518800
522570
523160
524340
526740
526790
528660
529240
533620
534010
535690
535760
537200
538590
539350
539440
540900
541370
542340
489520
546070
546380
546400
529760
547960
553660
554530
555670
556160
526920
556280
556870
557260
557680
558810
562240
562270
567250
521340
567280
567290
567580
575490
575630
575860
576470
580420
581610
581640
581670
582430
583490
583760
585790
585860
586380
586960
586970
588420
351940
600450
602890
603370
607270
498320
613250
600210
219640
614460
617240
619400
622170
622920
628340
628760
635880
305050
218620
655930
323580
365170
368420
113020
15700
231430
236870
368230
319830
209670
203770
232050
270550
863550
439190
490220
334210
222880
304390
96000
402390
510840
638070
395170
308600
278360
285800
343710
1045050
1046930
370910
