4000
12210
41010
70000
620
105600
20920
50300
20500
20530
20550
55110
667720
10
240
730
204360
219150
223470
227300
38830
51100
109600
113400
218230
230410
236390
224260
72850
242760
218620
239820
206420
219640
247120
251170
49520
217490
221910
221100
271590
274170
222880
225840
284160
285900
236430
238460
243470
304930
306040
224600
227940
296470
8190
203160
322170
239140
24240
289650
241560
333930
337320
2400
346010
301910
261640
1250
238370
322330
341940
377160
377290
312530
386360
234140
225540
57300
359550
433850
438100
244930
443810
444090
365590
450850
360430
273350
516750
292030
524340
526460
489830
558620
558610
569760
578080
611980
615610
618120
657200
319830
252490
813820
823130
203770
1046930
