1200
20
50
70
130
220
380
420
20900
15620
35700
6020
6030
32380
32390
32400
41500
500
550
35140
13560
13570
13580
33220
45740
41000
41010
41060
26800
29180
40700
93200
91600
400
620
7760
42160
70120
46480
32800
39510
65540
22490
108200
20920
204060
102500
207610
107100
214340
98400
20500
20530
208580
63710
94200
207420
200260
206440
322330
202970
202990
212910
200710
214560
208200
214170
219760
219780
214510
102600
224420
105000
4570
208480
50620
50650
388410
462780
228280
109600
236390
238960
107400
223710
234650
65930
72850
35720
236370
39140
225160
91310
216250
10
30
240
300
730
237110
235600
251730
253980
217980
255300
256070
219990
233130
255520
213670
247910
49520
217490
232010
221910
260250
224920
209000
262410
242700
42910
39530
214870
271590
203160
57300
239200
200510
239160
280930
285160
285800
1250
288470
201810
300550
203140
205930
286690
287390
250400
13520
220240
233270
8980
55230
206420
312840
259130
8190
6910
238010
258180
242640
240760
404730
241930
239140
307690
238320
6860
6900
28000
35130
24240
329380
211420
330450
218620
335300
257510
319630
21690
221040
254700
304240
266510
301910
355840
8850
8870
409710
409720
306130
40390
249230
373420
223470
381640
345180
386110
386360
215530
397550
234140
235540
3170
25900
63910
203350
208650
438100
444090
377160
475150
403640
530620
307780
550650
444200
588430
38400
337000
236870
211160
34010
359550
513780
761890
