220
240
320
2500
4000
6220
4560
228200
15700
12210
29800
1250
41000
41010
42910
620
91900
105600
113200
107800
202090
204340
203630
25800
730
219070
208200
219640
4920
72850
38830
99900
102700
104700
213650
236390
238960
39000
214420
223390
223710
239220
203160
237110
218620
239200
204450
233270
249870
22120
22180
269210
550
278970
270550
238460
301520
304050
304930
63380
311690
312990
227940
223650
211420
335300
339610
347560
349700
232090
232150
365720
322330
375460
359550
431960
438100
444090
273350
555570
578310
588430
504370
433850
884660
961440
1046930
359320
