4000
550
55150
205790
47410
109600
113400
208090
212070
230410
236390
238960
240320
214420
248570
262410
265630
206500
224260
226320
263540
44350
234650
251970
278360
293540
298240
301520
304050
304930
215080
227940
222900
317360
200110
258160
318600
331360
730
332070
338180
339610
316390
345520
346900
355070
355840
363970
365670
375950
381640
383080
386360
389300
391460
393530
236110
280790
414530
414730
429790
438100
444090
310380
466910
482920
493370
496500
273350
506140
524340
534500
547680
557400
557810
575720
588430
596650
511800
607260
219640
506540
572520
386180
218620
666220
689750
700330
704040
728730
746910
755790
844870
209080
608800
874240
63500
1046930
761890
