10
220
240
4000
2990
20900
550
8190
620
105600
48000
49520
217490
219150
224900
223470
12110
99900
113400
200210
218230
230410
236390
238960
248570
224820
248820
218620
249990
252150
224480
225840
282660
286940
298240
301520
302830
304050
304930
302380
291480
317360
323370
327410
261640
331470
730
355840
363970
367520
219740
322330
382490
291550
391460
299360
280790
225540
421810
433350
444090
508900
550650
444200
562220
436520
578080
578310
582890
351940
601510
209080
498320
643270
386180
654990
698780
708420
711810
504370
755790
608990
773920
319830
785130
795580
805940
809960
813820
433850
439370
869760
884660
611500
304390
893520
43110
231430
489520
278360
225600
1046930
761890
252130
282100
1048540
684680
1106850
