20
50
70
130
220
340
240
280
320
4000
400
500
620
214510
113420
203290
230410
236390
223710
250420
262410
224260
252490
273110
285160
286940
290830
294160
301520
302830
304930
310370
311700
291480
227940
315640
322170
17570
332070
334070
335330
337410
338180
339120
340460
306930
346900
349480
351800
354500
354510
354530
494710
351140
356310
356670
360760
362890
364470
365720
365670
373330
360480
385770
386360
291550
391270
391460
397900
438100
444090
49540
324810
550650
555570
218620
17500
700330
466240
587860
504370
757810
730
222880
