3920
4000
12330
20900
620
105600
55150
9420
67370
219640
109600
212070
230410
236390
238960
206500
225260
214730
44350
244770
231430
218620
252470
233130
49520
217490
2870
16700
40970
268650
268870
274190
222880
274560
244850
48720
298030
204360
238460
301520
304050
304930
268420
313740
269210
328080
261640
329130
331360
331470
730
335240
339800
342200
342980
361190
104200
263980
341500
322330
377290
338060
383080
385800
291550
314020
394380
225540
404410
410210
412470
418180
431960
438680
310380
445220
449140
9450
56400
281990
488280
273350
512470
6060
375230
619910
386180
700330
726360
835860
304390
271240
219830
761890
