10
80
4000
400
11450
15620
550
24960
6800
41050
41060
227780
564310
42910
620
104200
105600
55230
205790
204340
104900
4920
38830
47410
51100
99900
104700
109600
113400
203290
208090
212070
218230
230410
236390
238960
240320
272350
209870
214420
251670
262410
269390
202090
206500
235340
239220
227860
224540
216250
218620
219640
251060
251570
49520
217490
262060
264710
257750
268500
273110
274170
222880
246620
286690
286940
293540
245620
289130
204360
301520
304050
304930
238090
306830
227700
227940
222900
200110
226320
203160
323850
238320
324800
327690
261640
331470
730
333420
333930
335300
335700
339700
342200
316390
301640
346110
346900
298630
355840
356130
8850
356640
232090
360760
363970
322330
373420
374320
271590
380600
383080
385770
386360
386640
389300
391460
397900
399660
360170
299360
407560
412720
413850
585281
415660
427270
239140
431960
433340
438680
444090
446270
275850
464060
381210
468250
475550
477160
359550
302670
273350
505210
292030
524340
530700
307780
531960
533300
444200
362960
550040
550650
552990
553790
562010
563560
241560
438740
578080
578310
588430
375230
607200
610080
506540
643270
386180
657200
672680
674940
323580
377160
711810
435150
629520
436180
723780
466240
504370
755790
662320
236870
797470
804320
433850
611500
714010
365450
897330
530630
489520
204880
1026820
1046930
761890
