240
4000
220
340
380
400
420
550
620
105600
55230
104900
204360
219150
219640
223470
218680
200210
236390
286080
107400
214420
248570
250420
262410
265630
224260
242760
237110
239820
217980
49520
217490
247120
265930
211820
269770
271590
274920
251570
278360
286160
274190
228180
298240
238460
301520
95400
304930
280740
311690
312530
312990
314250
206420
317400
293500
205790
203160
274170
322170
323850
328060
730
250900
346010
346110
301910
355630
365050
367520
219740
322330
378300
387990
389570
391540
413150
431240
431960
434170
437920
438100
443810
449680
475550
477160
403640
541570
548430
550010
557340
252950
572430
588430
588650
588690
607200
610080
610180
612470
613100
613730
646570
218620
651380
674940
641990
700330
703270
717640
629520
761620
626690
220200
382560
897820
530630
43110
976010
