70
240
4000
12120
12250
10090
3590
33910
10180
10190
8190
17410
57300
42700
42710
22380
34270
620
46460
105600
44320
321040
91700
72850
55230
200900
15560
12200
67370
104900
108800
91310
730
205100
200490
220240
201790
2700
99900
230410
236390
233630
221040
225260
8870
220200
233250
244850
12110
12210
12220
237110
206420
234080
252490
22330
264200
264710
221100
550
236510
254700
271590
203160
274190
246620
287700
201810
295110
433850
301520
65790
304050
304930
63380
302380
310380
200110
238010
268050
21690
287450
238320
305620
346290
348020
335300
255710
377160
261570
387290
291550
388080
253030
35140
200260
208650
209000
311210
50620
462780
413150
225540
424840
239140
431960
391220
433340
438100
444090
403640
517630
337000
307780
221680
489830
8500
524220
612880
619910
700330
504370
627270
611500
278360
838380
