240
300
320
4000
500
20
30
50
60
80
130
380
9480
10500
20540
228200
1250
35420
38220
20500
667720
24800
10180
10190
550
17020
24980
41700
33750
40100
47700
33900
33930
50130
22380
31280
620
105600
91700
28050
35450
24240
201280
201870
72850
55230
63380
200260
202170
730
49520
219640
203140
205930
113400
218230
230410
236390
248570
216150
224260
227260
244850
245130
246900
218620
251060
252490
107410
242050
238430
268850
271590
222880
287390
286160
108600
304930
238090
244630
227940
206420
241930
323370
333930
316390
346110
266510
377160
244450
400040
364360
56400
231430
464780
359550
324810
552500
507490
560380
356190
630100
674940
594570
700330
