10
2500
320
340
4540
475150
12160
12900
12750
20900
17460
17480
3590
34900
550
22370
24980
10680
42120
8190
35140
28000
50130
57300
70300
8980
40800
9930
7860
92800
55100
620
70000
1250
96100
48000
28050
9200
42680
42690
24240
8930
98100
98200
113200
34830
72850
55230
41070
201570
99300
44340
300
420
67370
21170
206210
22490
208090
108710
20920
33120
207610
15100
33230
48190
201870
108800
50300
57900
91310
96300
730
200260
49520
217490
217980
220860
204360
219150
219640
211400
214870
43110
45740
45770
25890
208480
50620
50650
388410
12110
12120
12170
12180
12210
12220
57690
212070
227240
230410
236390
224260
253710
203160
218620
222900
226720
247120
233130
213670
251970
235460
222880
283290
43160
236430
286940
293180
227780
35450
236830
238460
301480
8600
211500
227940
321040
331470
333930
322330
337950
316390
366890
387860
395170
15700
431540
34270
203750
377160
223100
485580
550650
584210
386180
38400
241930
433850
304390
231430
