10
80
300
20
50
70
130
220
340
240
280
360
320
380
4000
400
420
550
10680
50300
55100
620
219640
38830
51100
99900
102700
113400
203290
218230
230410
236390
240320
272350
39000
223710
248570
262410
265630
42160
223750
224260
253710
232010
224540
252950
254040
107410
265210
211820
270370
273110
222880
225840
286570
286940
290930
298240
286690
287390
301520
302830
304930
227940
317360
17570
331470
730
333930
335330
316390
346330
346630
353220
355150
355180
354900
355840
359800
360760
365300
322330
380600
381210
385270
391460
391720
365450
299360
409510
412020
280790
225540
417860
422630
427730
431960
438100
244930
444090
450390
477160
48000
273350
530700
444200
555570
563560
436520
578080
578310
582890
619910
629760
643870
386180
218620
657200
17500
674940
700330
714070
466240
755790
231430
823130
611500
