10
80
100
220
320
340
360
380
400
420
500
17410
550
70100
55100
620
105600
63110
38600
583930
209080
204360
227300
208090
238960
224260
225260
210770
218620
252490
700580
253650
247120
260430
261110
252150
270850
271570
57300
239200
273110
222880
282660
286570
292570
294040
238460
302110
303390
304930
307070
315060
317470
331360
331470
730
335240
277950
343360
345220
346330
353110
365670
370100
375760
377600
382120
386360
858460
291550
389570
391720
394680
397900
398680
407730
400040
400250
400370
402840
406090
406150
299360
280790
413850
413859
497812
585280
422100
423550
423880
432770
434570
438100
443940
444090
596350
447850
448070
459820
461910
462030
466910
470740
477980
485310
486820
486840
489220
496500
479130
503820
319630
509240
509840
518120
518800
397060
522570
324810
534010
535760
537360
540900
489520
546380
546400
529760
547960
550650
554530
555570
562270
436520
567250
575490
576470
586380
201070
589870
254370
605500
498320
610360
506540
619400
204300
627690
635240
635241
635242
635243
636040
637850
655300
657740
659350
661370
661590
17500
675940
682910
691810
692060
698780
368420
714360
715060
662330
732430
745710
504370
756190
231430
759770
236870
368230
769440
319830
789110
209670
265590
492630
433850
513780
852810
863550
439190
510840
