300
220
280
4000
400
550
8190
8980
620
105600
43190
41070
67370
214870
218130
236390
286080
223710
246900
255520
222880
252490
252950
253940
249130
268320
268910
271590
246620
301520
304930
238090
307350
280740
227940
313690
206420
317400
203160
221040
323850
331470
730
301640
348020
335300
354140
355840
314410
235540
361420
362610
362680
386940
387990
390970
352460
393420
236110
280790
414550
225540
416080
405310
239140
431960
433340
433850
434650
438100
374320
444090
448660
449680
454930
466270
468560
477160
491170
530620
530700
307780
538070
444200
438740
602890
605500
616220
619910
374040
635260
644100
218620
657200
641990
674940
700330
480430
755790
809960
359550
813820
544920
880940
884660
619080
304390
