4000
1250
550
24960
620
96000
55150
24240
65800
67370
20920
211440
115320
13140
38830
113400
218230
230410
236390
39000
209870
223390
224260
245550
253710
224220
44350
210770
234650
65930
35450
253920
233130
255520
261110
262280
267980
57300
239200
273110
222880
225840
282440
285800
286570
292570
293180
298240
302830
304930
63380
227940
317360
200110
238590
238320
331360
730
333930
2400
2420
2430
339610
346120
346950
355070
355840
357900
252950
291550
400240
299360
280790
414290
417860
422100
428430
432470
438100
444090
8980
729040
462200
485310
486820
491950
273350
104900
520530
524340
530620
530700
537860
550650
565200
566220
578310
588430
219640
618080
626680
9480
204300
386180
305050
218620
691020
700330
723780
734580
466240
504370
755790
368230
34270
228200
209670
265590
806970
236870
544920
439370
439190
334210
391720
921060
304390
402390
43110
638070
395170
231430
826600
278360
331470
370910
