10
80
100
220
340
240
380
4000
400
17410
3590
1250
35420
550
41010
71230
620
105600
24240
113200
55230
8650
20920
207610
115320
211050
209080
217980
204360
203140
200170
220820
1930
223470
224260
245550
232770
233720
44350
210770
3910
65930
248650
239820
252330
252950
254040
254060
247430
247120
261030
252150
242700
263060
264690
271570
272060
57300
239200
273770
222880
283880
285010
351030
290280
292410
292910
293320
238460
304930
238090
306350
224600
307070
312710
313730
296470
318600
319510
274940
322170
226560
323850
238320
326460
17570
730
332800
301910
252490
338550
341000
343180
343360
345220
346210
354140
354500
354510
354520
354530
354540
354550
494710
357070
338530
362680
363330
298180
368360
371570
322330
383150
385270
387840
387930
388120
45740
391540
398680
400240
400250
400370
401680
403570
406090
406210
298630
388060
50620
388410
462780
414580
418160
422250
397720
407730
443940
446270
447850
447940
454930
461730
462030
463210
465930
467370
470600
473810
475220
475550
485310
302670
489220
489360
496500
503820
504130
319630
506610
509840
512450
514970
515310
518100
524340
526290
526740
526790
530390
535760
537860
541570
542340
489520
546400
529760
550010
551550
552780
554530
302590
521340
569760
574640
570380
576470
581470
583660
585690
585790
588430
588690
589590
351940
596170
600450
602890
605520
498320
622650
622920
625430
646270
386180
218620
658560
674940
679430
368420
715470
15700
308040
38400
734750
466240
738060
480430
231430
774711
319830
795100
209670
823130
850960
270550
871720
334210
884660
391720
619080
769920
304390
96000
491950
402390
395170
278360
285800
343710
