10
80
100
50
70
130
240
4000
220
320
380
420
12120
12150
20510
20900
17390
17440
24720
550
620
104200
105600
204360
223470
200210
208090
230410
236390
240320
248570
262410
265630
271290
246280
239820
206420
273110
239160
279720
290730
238460
301520
302830
303390
304050
304930
311690
312530
227940
203160
322170
323850
307690
327690
331360
331470
730
335240
338180
340070
340810
346900
301910
352520
356670
363970
322330
269670
380020
380840
385770
386360
291550
389570
393530
399790
411180
411182
523487
702690
702693
280790
413850
585283
417860
429470
424280
434570
436390
438040
438100
443810
444090
446150
448560
448660
449530
454600
462930
466910
475550
482920
485610
486360
488440
492130
504490
505750
506140
513000
513450
521570
536930
546390
547680
550650
557780
562010
302590
564710
436520
578310
588430
588690
589870
591740
370770
607200
618080
628440
636040
643270
218620
652980
657200
662830
666220
669580
678800
684680
717640
725340
726390
733070
734750
738060
788770
795100
813820
871720
611500
714010
964470
976010
1046930
