240
4000
12900
12750
20900
17430
17470
24740
22330
37400
37420
11390
24870
550
12840
8190
47870
9930
620
91200
105600
46500
33910
33930
50130
96100
24240
113200
6100
108800
91310
3700
63380
46380
202310
730
200510
208500
49520
219910
55230
204100
221640
211970
203160
219890
11020
207230
236390
224580
44350
228300
65930
72850
235720
225080
218620
47790
235600
225280
214550
222900
251530
252490
252950
25800
231310
227300
255320
235800
42910
252150
242700
261760
266010
270090
270850
44320
201700
321040
274310
222880
275470
275490
285070
285580
236430
288160
296050
236830
286690
301520
303390
304930
255220
302380
206420
311340
317400
315260
241560
322170
233610
301910
211420
257510
250900
255710
358090
363970
271590
383080
385770
253030
215530
272470
407840
415420
421020
425580
433800
436280
441870
456750
508900
234630
530700
533300
540610
489830
252850
562220
566160
422870
575640
463150
588630
588970
591420
610360
611980
645090
305050
654900
655100
658560
671090
365170
728440
236870
776370
864300
370910
