4000
24870
11450
12810
7520
40800
42910
70000
105600
24240
202710
204340
201870
201790
115320
211420
10
240
730
204360
205790
219640
227280
72850
17080
200210
206210
207230
208090
212070
218230
230410
236390
238960
240320
263500
214420
242720
265630
224260
235340
257730
221040
224540
233720
219740
322330
225600
241600
35720
239450
244850
20
220
400
500
550
620
220240
237110
218620
206420
244730
207140
234670
202090
242050
249130
242700
248820
265930
269210
271590
273110
246620
274190
293540
293560
222900
298630
238460
299720
214190
301460
301520
302830
243470
304050
304930
217490
310370
311690
312990
227940
200110
316010
265300
296470
261180
272510
229810
8190
274940
21690
323850
324080
241930
238320
308420
332070
338180
250900
273350
346110
301910
349700
339280
299360
360940
363520
363970
240460
238370
6060
32420
32470
32500
374320
312530
345180
386360
291550
393930
395200
388410
236110
280790
225540
415270
349040
359550
424280
434570
437920
444090
371660
449680
381210
425220
379720
475550
502940
504370
402570
307780
544920
558100
447040
438740
489520
578080
304390
601510
386180
648430
633230
611500
1046930
