10
80
100
240
1200
1280
380
4000
15100
19900
20900
10500
17390
1930
6000
32370
17450
550
34030
28000
42960
45740
8930
50640
462780
22490
31280
47780
50300
48190
55100
73170
620
55150
47790
47830
65790
70600
113200
12100
12110
12120
72850
55230
12200
202200
67370
3900
206440
208500
204360
219150
200510
219640
223470
214510
71230
71240
71250
71260
205950
219950
236390
238960
224260
43160
234710
65930
242760
2270
239030
218620
236850
222880
251570
252950
253980
213670
259360
252150
263060
263980
218640
268870
57300
239200
274190
25890
225840
278360
286570
233290
291010
289130
8980
214340
219910
230820
243200
268540
302830
304050
304930
227940
233720
318600
319510
226560
327690
331470
325610
335240
352520
364230
364470
368360
381210
386360
388120
234140
390970
391720
397980
299360
360730
427730
432020
424280
440540
443810
444090
204300
449680
463040
466560
474750
269710
359550
485860
394360
48000
491950
4760
502550
502910
319630
550650
444200
32400
6060
588430
351940
209080
633370
636480
386180
666220
674940
723780
730590
737010
40990
504370
231430
788880
795100
795580
209670
804320
809960
813820
236870
433850
823130
513780
203770
845070
232050
863550
611500
365450
730
43110
