10
80
100
240
4000
220
320
340
360
380
400
420
500
550
8190
50300
620
204340
7510
219640
227300
109600
212070
227240
230410
236390
238960
240320
223710
262410
265630
210770
218620
206420
259300
265930
271590
222880
225840
301520
302830
304050
304930
227940
317360
205790
238320
330350
331470
730
333740
333930
334070
339470
339610
346120
355840
322330
380600
291550
391460
394380
401190
365450
299360
280790
417860
431960
424280
438100
444090
596350
502550
530700
550650
553790
9480
386180
657200
666220
698780
700330
480430
339000
252490
813820
433850
823130
232050
884660
