70
220
340
1520
4000
420
8080
19900
20900
33120
33130
12830
10180
10190
550
22370
28000
42700
42710
72300
42910
55100
620
55040
104200
105600
28050
42680
42690
105450
22490
63380
207610
50300
204100
212580
202970
202990
212910
219150
223470
200170
203160
227300
11020
51100
113400
200210
206210
230410
236390
286080
39000
223710
248570
250420
262410
265630
271290
202090
224260
226320
253710
227100
34870
233450
220200
65930
206190
242860
242920
233250
244850
239030
218620
233680
253430
247120
258050
235800
49520
221910
249130
263980
108600
265930
266430
211820
267530
221100
268130
25000
234190
270150
20510
270880
271590
228380
272860
273110
274190
222880
274520
275200
225840
280220
246620
282140
284160
285160
285900
286160
286570
286940
233290
33910
65700
65720
290930
294100
299030
299740
1510
1530
286690
287390
301520
302590
302830
303210
304930
238090
280740
244630
312990
227940
315460
222900
317250
317360
317400
200110
238010
320240
274170
323190
307690
327560
209650
209660
330570
730
332310
305620
282070
335670
337320
337950
319630
304650
340150
340490
341800
342310
316390
301640
346010
346120
348020
349700
35450
329430
354500
354510
494710
355180
355840
235540
356570
360380
362890
248610
365300
365670
366890
238370
368650
370360
371670
374320
341940
380020
383150
383180
383870
387990
388320
389280
390660
394360
394970
244450
397680
397950
393380
409160
409410
410110
410900
411570
413150
225540
414700
416080
416680
417860
427880
239140
429700
431960
405640
391220
433530
440250
440760
444350
446020
107410
365590
448320
448780
449680
461950
466500
375600
447120
468530
377160
475190
477160
359550
485380
485580
302670
487720
879420
447040
494840
497350
502130
503560
505460
391720
508440
516750
518150
337000
523780
292030
526740
530700
532190
532210
538070
287700
311340
545410
550650
552100
552620
554620
444200
563560
460920
438740
572430
422870
573090
574080
578080
582890
584980
587650
593560
594330
594650
602890
602960
605230
606140
609320
613450
624270
629760
418460
633460
635200
643270
220240
552520
666220
670160
297120
673000
674020
675010
323580
690040
700330
368420
113020
720250
38400
537800
730590
738520
741510
749780
753930
236870
773951
785740
809140
809440
814740
815370
823130
845070
359320
868490
873150
718670
883710
914260
961440
939960
581320
1003360
