220
2500
2540
2545
2550
34900
550
8190
33910
33930
620
104200
92100
96100
113200
207610
204180
49520
217490
227300
72850
99900
200210
206210
208090
218130
218230
230410
236390
238960
250600
265630
271290
202090
224260
253710
224580
44350
218620
219640
107410
233130
262280
263080
263980
265930
268870
271590
273110
222880
225840
278970
281920
291010
270550
293180
41050
227780
299460
286690
287390
301520
303390
304050
304930
306040
224600
307230
312990
227940
313830
314450
317360
318430
302510
24240
331120
331470
730
340070
341310
343360
344910
346630
348020
301910
349700
287290
351150
351470
355150
355840
357070
306130
357290
357770
363970
364270
364470
365720
368990
370100
370510
371450
377290
380600
381210
383080
291550
391310
391420
394540
394870
396160
396360
395380
391260
397500
407230
287920
399790
403900
405610
406210
410110
413150
418070
414070
420740
239140
424280
434420
434610
438100
438480
440760
444090
446640
365590
448070
448660
448780
448940
449680
310380
457710
461640
462200
375600
466910
468490
473710
474820
480450
482120
359550
485350
485450
485580
485920
492270
493760
496920
502550
505210
402570
508390
508670
512470
513560
515310
522570
527550
527990
528660
529110
529900
530330
530700
531960
533150
533200
533640
535400
539720
539750
541380
545360
545370
545580
546390
550420
550650
555570
555710
556110
8500
562360
563560
566990
567290
568450
569610
422870
574640
574850
575140
575910
582430
582500
583760
585790
585830
586060
586960
588090
596870
601010
603190
604780
506540
572520
625950
626680
559460
628750
629760
636150
204300
691020
700030
368420
435150
15700
504370
755790
766570
265590
804320
433850
611500
884660
437220
967250
638070
