300
320
4700
4000
1520
2400
16450
17480
29800
1250
24800
24790
24810
550
1530
34030
45000
24960
12220
33910
33930
8930
46450
8980
40800
47780
4540
475150
42910
96000
80000
105600
73220
111800
28050
63940
42680
42690
63000
9420
113200
65800
102600
72850
35720
202090
105450
34330
102840
37420
208090
200630
207250
205790
50300
3830
48000
57300
204060
200390
205910
91310
212630
50650
205550
214360
201790
209080
49520
217490
730
65740
204300
217980
204360
10090
202990
212910
200710
209670
10500
203140
219150
214560
219640
211400
42170
218410
218740
4920
55230
216890
220240
221260
4560
9340
20540
55110
228200
218680
224540
203160
49540
204080
57690
17080
105430
200210
206210
212070
218230
230410
236390
223710
250600
262410
265630
224260
224580
202130
227100
221380
227180
1510
233450
227680
8870
224600
43160
11340
220200
222730
210770
222750
241600
219740
322330
242760
242880
242920
233250
41070
236370
244850
107410
214950
234390
239030
243950
239350
232430
218620
239820
238320
206420
236850
96300
251060
251570
252490
253030
253190
1036440
227300
241540
209170
236510
239160
213670
250400
247910
94400
262060
40950
248820
219830
211820
221100
269210
270150
20510
41700
237990
222880
200510
225840
277460
48700
234650
280220
226840
282400
282440
287980
4870
266840
293260
294100
236430
222900
289130
298240
298610
238460
300570
301520
65790
304050
304410
304930
287450
306660
63380
311690
274290
312990
313120
227940
314160
261640
318600
65980
320240
258520
400430
323320
328080
330840
305620
332500
333420
282070
333930
335670
335790
319630
342560
344040
245470
298630
352700
255710
355840
306130
360870
362620
364420
365360
368230
496300
370360
373330
383870
252950
291550
387990
393420
396890
236110
299360
394510
416690
417860
417890
231430
427270
427520
245620
424280
434620
435060
244930
444090
446020
447820
449140
310380
457140
281990
468560
473690
475240
496920
289070
337000
489830
550650
552100
555570
558100
578080
249050
588650
622040
323580
680360
504370
359550
813820
433850
823130
203770
611500
632360
