300
30
40
50
60
70
220
340
4000
400
550
8930
72400
40800
55100
620
55150
67370
204880
204360
217490
211420
200170
223470
55230
227300
212070
218230
230410
236390
238960
214420
223710
224260
8870
44350
65930
72850
236850
233130
259530
211820
226840
268870
268910
269210
57300
239200
278360
246620
285090
286570
292910
297000
297020
351030
238460
304930
310370
268420
227940
265590
317250
272510
318600
321040
322170
238320
331470
10
80
240
730
218620
333600
219150
274170
346630
348020
335300
353550
355840
356670
360380
364470
365720
365670
366890
371460
371670
322330
372210
374830
380020
385800
386360
386480
291550
389300
391540
391720
400240
236110
412130
349040
420110
359550
428430
431960
437920
438100
439250
244930
441870
374320
444090
448470
454910
310380
461140
461560
469990
474750
485580
214850
486820
491000
491950
402570
508670
513560
234630
292030
529110
530620
531640
311730
537860
542340
550650
552990
554530
555210
555570
557580
558100
8500
438740
578310
600450
602520
619730
630100
643270
386180
673720
698780
700330
717640
721030
480430
504370
755790
231430
433850
570940
844870
845070
382260
611500
395170
1045050
761890
1046930
