240
320
4000
220
400
420
13210
29800
8190
33910
33930
219540
65700
28000
12210
12220
65720
40700
93200
2500
11200
35700
104200
91200
92100
105600
96100
3830
99300
203990
204880
204340
204180
211420
214970
209670
7510
219150
200170
1930
55230
207230
212070
212390
218230
230410
236390
238960
272350
214420
217750
248570
271290
223750
224260
226320
224580
225260
224540
224220
233700
210770
235250
234650
234160
233980
233250
215550
107410
207140
368730
219640
251910
252490
253650
253750
253900
253920
253980
254060
254100
257030
238910
233130
238430
261110
252150
262150
263060
263980
264710
108600
266430
257750
211820
367540
221100
267980
268360
268870
269110
253690
235460
550
236510
273110
273240
273770
274190
222880
237870
274900
251570
275470
225840
278360
278460
278930
246620
283290
285010
351030
285070
285840
285900
286160
288370
49600
289090
291010
270550
292370
292570
292620
292910
293180
294040
295670
297020
298520
298600
299460
299720
299740
300760
301520
302010
303390
304930
306040
306350
306410
224600
307070
307350
227700
236730
251530
252170
294750
311860
215080
244630
312990
314020
314250
314450
315430
220820
265300
317250
318600
319180
319830
321040
321400
321480
321950
321980
322970
323370
324800
326120
327510
328940
329000
329380
17570
115100
275180
730
331790
218620
333740
334070
335240
335300
277950
322330
337420
2400
339470
340070
340650
340830
341310
341500
341550
342200
343360
343390
271590
344130
344300
344910
345120
345220
345920
346110
346120
346950
349500
342300
339280
351150
351470
351490
350810
355150
355840
356130
357290
357780
310380
360380
362610
362890
363490
363970
364690
366440
366760
366890
369040
370510
371570
371670
374040
375460
375620
274560
377290
332200
378100
380020
382120
382300
383080
383560
385070
385080
385770
291550
389300
389650
391260
391740
391420
392820
385240
393420
394540
395170
382490
396160
397150
225540
397500
398680
398710
399430
399790
400240
400250
400370
404100
403740
405010
405610
405950
299360
407230
388410
462780
412170
412600
413150
414580
416030
416080
416170
418340
420290
208650
422100
422250
422810
423710
424370
424830
427780
359550
428430
429280
428900
429470
429700
431710
431960
433210
433450
434010
434250
434420
434610
427980
438010
438020
438030
438080
438100
438490
460870
439250
440760
441870
34270
374320
443940
444220
444480
444260
446640
447850
448440
448470
448630
448640
449220
449540
449680
448070
275850
453980
454150
454890
370770
457820
460960
461140
461640
461720
462030
462960
463210
463220
463270
463350
467000
368750
467950
468490
471260
473470
477160
477290
485580
486360
486820
487220
489220
484950
491000
491080
491160
492800
493650
495890
273350
504490
505210
508180
508670
509220
509240
509980
526790
528660
530700
533300
539350
489520
552100
556280
556870
558100
252850
562260
563560
567280
567290
571740
463150
578080
578310
588650
606730
630100
305050
665090
666140
20500
667720
667890
323580
215280
698780
700330
709310
368420
113020
15700
629520
466240
215830
368230
776490
823130
304390
513780
837940
203770
848010
848450
232050
863550
439190
391720
904310
945460
96000
510840
638070
984110
231430
285800
632360
331470
