10
4000
29800
7830
33910
6060
22490
40800
42910
620
104200
105600
32800
204340
730
212680
204360
4920
7520
201790
227300
109600
113400
212070
212500
218230
230410
236390
238960
214420
262410
265630
206500
223750
239220
253710
224580
232010
233450
3910
242760
41070
248390
49520
217490
264140
211820
367540
271590
274190
222880
251570
278970
33930
286940
219740
322330
294100
295550
245620
298240
298610
238460
301520
302060
304050
304930
250400
291480
227940
200110
205790
16700
232890
258970
274940
218620
252490
250900
342580
346010
244850
333950
346900
307880
255710
306130
360640
361420
363970
364470
366220
374320
381210
381640
382490
383080
383120
384360
385770
385880
386360
291550
389300
391460
225540
238090
377160
299360
411180
411181
411182
411194
412470
413150
280790
268500
427520
239140
438100
444090
107410
275850
454540
457140
462930
273350
504770
506140
518780
292030
529180
307780
444200
489520
548430
552990
359550
623990
566990
438740
578080
584370
588430
600750
219640
619910
629760
418460
637650
386180
700030
700330
368420
435150
738520
504370
368230
379430
797470
433850
552520
834910
611500
231430
761890
44350
555440
1046930
