4000
70
20900
24740
29800
12460
6060
10180
10190
550
41000
24960
16700
40970
8930
12210
47870
42910
9930
620
104200
91200
105600
44320
321040
21100
55230
6100
204340
20920
48700
48720
104900
91310
55110
211420
80
240
730
205790
220260
201790
221640
208090
227240
236390
272350
265630
202090
239220
253710
220200
210770
72850
242760
244850
8190
216250
107410
206420
220240
237110
218620
47830
235600
249990
252490
221100
222880
251570
225840
278970
285900
236430
295110
433850
35450
301520
304050
304930
250400
63380
318430
326190
331470
241560
319630
346110
347430
347560
335300
227300
363970
365720
365670
366890
370100
374320
379430
380600
380840
383330
387990
406210
412940
280790
219740
322330
239140
427730
431960
431540
244930
437220
381210
505040
292030
469820
546390
489830
553790
578080
588430
629760
359550
