240
4000
6200
7210
2280
9050
12100
12900
9450
12360
12200
16730
19980
1250
3590
33100
10150
34900
20500
37010
21090
42650
33910
33930
219540
42670
39670
17410
50130
45740
45750
65540
8980
40800
40380
47870
47890
99810
96000
105600
57970
21100
17470
33440
96100
48000
107100
113200
201870
110800
38720
107600
21010
204340
111100
102840
67370
22490
20920
207610
104900
115320
11420
50300
205840
206440
108710
202750
202310
98400
9010
204360
200710
209100
219150
211400
33670
4720
219780
214870
201790
223470
55230
204100
221640
224420
10
60
70
80
220
380
400
420
550
620
730
9480
15620
20550
43110
50620
55100
96800
462780
49540
207230
208090
230410
236390
223710
253710
224580
220440
230820
219740
322330
65930
228300
204450
224060
222480
72850
35720
242840
41070
225360
239800
91310
216250
237110
225080
214560
248730
232430
218620
235600
239820
250320
250620
226720
252330
252490
252630
252830
252950
253290
243450
242550
224460
231330
255220
215630
22120
219990
233130
213670
235800
242050
49520
217490
259740
94400
238430
261030
245280
249130
261530
261570
242700
262060
263440
264300
264710
215530
265300
265930
9200
267530
221100
268750
269650
269670
269790
270550
235460
8870
228380
272860
254460
232790
272270
34830
274130
274170
222880
274520
244430
275850
277890
278360
239160
278970
280180
281220
282140
283290
283640
284750
284890
285070
243470
288060
288880
209160
243930
289620
233290
291690
292410
292600
295790
296070
296550
296730
296910
297860
238460
237930
203140
286690
287390
301860
303310
303390
303610
304050
304430
304930
305380
238090
250400
63380
307170
307230
256190
220240
233270
310060
310370
311010
311690
244630
312840
313120
313630
313780
206420
314790
255070
315440
247950
317060
313340
200110
318600
283230
238010
203160
320300
292120
320630
299480
322170
322210
322450
322500
258520
400430
265550
241540
237850
323190
241260
323380
226560
302510
214490
241930
239140
307690
238320
324650
325520
305050
326190
327410
327560
209650
209660
327890
328270
308420
212580
267550
254440
289650
330830
268050
331470
274940
331690
331870
298110
332200
292030
234630
282070
215470
335000
335300
336240
301910
337320
337420
338140
250900
319630
21690
221040
339470
35140
208650
304240
342260
343860
271590
301640
345520
345820
347430
307780
348020
287290
351920
291650
353700
354240
201810
350080
311560
355760
356400
235540
359050
359100
232090
360760
360870
361300
361630
363420
363970
365020
365300
365450
311210
366910
243800
368430
368730
368500
35700
319910
359550
373420
374030
374040
376570
341940
376870
377480
358090
378540
378610
379430
379720
365590
381210
383120
384190
383870
384680
367580
385770
386360
290340
387290
389300
390290
287700
311340
391540
391720
366690
234140
393530
394310
394700
394760
394870
395170
268870
382140
225540
337000
398850
399810
400040
402330
402630
600090
404540
404680
404960
405010
405640
406150
377160
298630
406970
299360
407300
319510
332800
407560
408280
410110
411300
413150
413680
414290
414340
414700
415740
416600
417290
418030
418040
418300
418950
420530
421040
423230
423880
424260
270630
371660
425670
426000
426310
427190
427290
427810
210970
428220
428550
429570
430960
391220
433340
388880
424280
433950
434650
290790
268500
400360
251230
437630
438080
438100
438420
438490
244930
440880
236870
374320
444090
444560
445980
448020
449540
449680
451020
453310
454040
454410
445230
456670
418670
460640
360430
461880
461950
223100
463030
463220
464060
466130
466500
466740
466870
292730
468490
469790
471550
473470
474750
474960
477130
482300
485510
485860
485870
486810
488690
447040
488790
488280
491000
491040
403640
460930
492630
493200
493540
494230
491130
495890
495980
496300
496650
496890
497730
498240
223850
273350
501300
501760
503460
503560
504130
404590
505230
509110
509990
511160
511680
513330
513620
513890
514900
518790
312660
521340
521890
522690
324800
525040
525510
526740
527490
529780
530390
530620
531510
532210
532290
533300
533330
533770
535480
397950
536220
537430
538070
480490
539400
540840
362960
543900
545110
545150
546700
550010
550310
551110
551770
553790
554620
555150
555210
555220
555260
555320
555450
557340
561770
562220
562410
424840
418370
501590
567290
573130
574310
575640
577460
577740
578080
579950
389730
580200
581270
581820
582890
583760
584980
370440
585840
588040
588690
588970
589780
591420
356190
594330
595140
598440
599560
600550
601650
604450
604490
605990
606860
609490
610360
611620
611750
611790
611980
613100
614570
614910
368070
228360
625370
628950
629000
299950
629690
629840
460810
632360
678550
635320
635550
637650
641320
641990
642560
236150
643270
552520
204300
645090
645630
645710
646570
582160
612880
601430
378860
662240
662980
663600
304530
665090
666140
673000
680700
686200
687750
688400
691280
589360
692100
692920
702670
704690
704850
476600
476620
711660
715560
723760
729460
730410
738060
627270
738560
460920
747050
747340
747360
504370
752300
752590
753230
758050
765870
626690
781440
783940
620530
789950
637090
812020
813820
814380
818320
821890
312670
845070
847370
750920
812140
866800
517630
350280
582010
606280
899440
914260
916050
485030
764790
601150
437220
863550
961440
976010
976310
1029890
548570
1070330
1081510
