220
29800
550
8980
72400
40800
620
104200
92100
105600
96100
201480
204880
20920
204180
212680
217490
223470
224900
102600
201790
11020
113400
212800
230410
238960
248570
250600
206500
224260
225260
44350
234650
65930
243120
244850
218620
239820
233130
259550
260410
261110
262060
263740
263980
268870
269210
210770
273110
251570
281920
282440
282660
286570
286690
287390
233290
291010
270150
292910
271570
238460
299720
301520
303390
304050
304930
238090
306040
250400
302380
91200
236730
251530
252170
294750
312840
313830
265590
206420
317250
203160
321260
238320
326460
730
305620
333740
282070
338130
340070
341310
344910
346630
346900
348020
349500
287290
341500
351150
351490
352520
329430
353550
357290
232090
360380
360750
361420
363970
364050
1250
357070
366890
370510
371670
322330
269670
377290
378100
380020
385770
389300
314020
355150
391260
391720
391420
274560
314450
394540
394700
396160
397500
397980
399130
399790
405610
407230
409420
413150
416080
307670
421040
422250
423230
423880
427520
429470
429700
431710
431960
434420
434820
311860
329000
331790
340650
385070
385080
391660
412170
412210
412290
416040
423710
438010
438020
438030
444460
444480
444490
447920
448630
448640
453820
454890
457820
463210
463220
467000
467010
473470
486150
491650
513590
533820
563120
576120
576130
587790
591560
606330
439250
440760
441870
444220
444260
446640
365590
448440
448660
448780
454150
457140
458590
460960
461140
461640
461840
462960
463350
467950
468490
473740
474750
485450
485580
485950
487700
490220
491950
496460
496870
501920
501930
503480
505210
507520
508180
508670
509000
509220
513530
513540
513630
521930
521940
292030
527460
527480
527490
527550
527990
528080
528090
528660
533780
511490
531490
539730
542970
542972
537860
444200
542340
543770
543780
543790
489520
545360
545370
549100
551080
551930
555570
555700
556110
556120
556280
556870
252950
567280
567290
567580
571020
571870
575550
575700
579150
580990
581000
581010
581430
208140
583760
585830
586470
586480
586520
586530
586540
586960
586970
587590
580970
591010
593290
603040
605220
209080
608800
621530
628400
628520
635060
504370
644930
674750
678920
113020
231430
368230
359550
209670
232050
863550
439190
222880
304390
96000
402390
510840
638070
343710
266310
370910
