70
4000
2620
2640
9050
9070
4500
220
360
380
420
12120
13520
13540
19900
17300
16730
12210
29800
1250
34900
10130
20500
667720
3130
550
21090
21120
33930
8930
41000
41010
41050
41060
564310
72400
47870
21100
70000
620
104200
92100
105600
55110
107310
55150
96100
201480
2990
6220
12360
201510
204340
20920
108800
219640
4920
223470
218230
238960
39000
223710
265630
271290
224260
225260
210770
72850
242760
41070
91310
216250
220240
251170
251570
252490
252950
249990
233130
259550
238430
209000
262280
265930
271590
228380
244450
222880
274900
225840
277680
278970
254700
286940
289300
296870
299360
301190
303390
250400
227940
269210
315440
317250
317360
200110
8190
6860
6900
203140
247430
322170
221380
324800
331360
10
240
730
215470
333930
257510
340070
341310
341500
342580
316390
345520
346330
348020
301910
349500
287290
351490
351990
353980
355840
360650
363490
363610
316430
365670
369370
370510
332790
371670
374570
341940
257400
377290
378110
381210
383150
383180
383580
380550
383870
386360
291550
387990
355150
391720
391420
391260
397500
407230
399790
360170
403560
403900
405610
407420
410210
412600
280790
416080
416590
417890
428430
428950
239140
431960
264240
438100
438680
244930
440760
441870
444090
448440
449200
449540
451880
310380
462960
464230
379720
473560
476240
477160
50130
214850
302670
487220
491170
493650
493710
223850
273350
502140
319630
508290
508670
512640
514970
515470
292030
324810
530620
534500
540020
544920
546980
489830
550040
550650
530700
555570
557680
558100
8500
563560
302590
436520
567280
355790
438740
578080
578310
582500
584210
375230
613730
619880
626680
633251
635260
641990
386180
218620
657200
674940
304930
700330
731770
734580
466240
231430
763410
773330
813820
433850
823130
839240
611500
884660
460930
704270
1003360
44350
