4000
220
8080
9450
20900
12210
15620
29800
1250
35700
550
45740
42910
56400
99810
620
105600
96100
107200
24240
3830
72850
2990
2400
20920
207150
33120
207610
204180
91310
212580
214150
209080
214910
200260
204360
217490
200710
205790
219640
211400
218740
55230
1930
7520
7530
102600
201790
222980
206210
207230
208090
218230
230410
236390
238960
272350
242590
271290
202090
224260
239220
253710
224580
224220
34870
57680
227480
44350
210770
228300
65930
222730
238890
35720
233980
242760
41070
237110
218620
251570
253370
245170
253980
254100
200170
233130
257890
235800
247910
238430
261110
262060
263980
264140
108600
209000
249130
242700
215530
211820
367540
270850
271590
274190
222880
278360
239160
33930
285070
286570
233290
294040
216250
238460
299740
304050
304530
304930
250400
63380
307070
227940
313740
206420
269210
315430
316010
222900
265300
272510
289690
265550
8190
203160
321040
268050
220440
45770
241930
307690
238320
289650
10
730
332310
305620
4920
310110
333600
282070
219150
274170
236430
344760
345520
346010
346110
244850
333950
301910
349500
349700
335300
350810
351030
355840
356570
357200
297130
360170
360650
361420
364420
365720
365670
366760
368360
219740
322330
375460
223470
341940
257400
376920
381560
383080
385800
386360
387990
389730
287700
391720
337000
398710
365450
403570
235540
407330
413150
225540
414700
417430
426000
427190
359550
239140
431960
433950
434420
438010
438100
235460
34270
205950
374320
444090
394230
107410
448320
448480
275850
459820
460790
473740
475550
223100
485310
485510
495890
417910
501300
502090
502210
512250
474960
292030
526160
530320
307780
538100
541640
542340
489520
550040
8500
252850
447040
562270
32440
569970
575010
575490
578080
578180
249050
588430
588690
543460
599140
460930
356190
612110
506540
402130
9480
374040
639780
639790
641990
644560
644570
671510
696590
543870
368420
726360
215830
236870
231430
368230
496300
795100
488790
265590
637650
810670
306130
631510
239200
570940
841350
203770
859680
868980
872130
873240
878750
582010
927890
963690
981770
984750
1003520
1004240
1014440
343710
1045050
1064730
370910
