400
22000
8140
27000
1250
35700
7780
37000
10680
35140
33220
43110
28000
8980
22490
70000
620
92000
91200
48000
28050
200110
24240
201280
110800
72850
201570
67370
203750
205910
91310
108710
202170
211420
214340
49520
217490
200510
200260
204360
96300
219640
211400
203140
205930
218740
4920
35130
203160
224420
35720
49540
8870
209870
231430
21690
220440
221040
233410
216250
222480
228300
65930
239450
206420
237110
40390
55230
209000
233840
238320
222900
243450
224460
217980
250400
238010
259170
242700
265300
265670
268870
550
271590
239160
233290
299460
254700
95400
63380
317400
319910
268050
274170
214490
324800
236430
361700
361740
287700
234140
337000
414700
208650
391220
374320
379720
273350
506500
292030
403640
307780
438740
480490
424840
614570
601430
414340
812140
627270
750920
304390
961440
976310
601150
