4000
220
380
420
1250
40400
46510
55150
42680
42690
3830
204880
108200
33120
204180
730
209080
218510
49520
202990
212910
1900
223470
225260
224220
210770
234650
65930
35450
206190
242760
215550
251570
251910
252490
252950
253650
253940
254060
254080
254100
247120
233130
255520
257830
259320
261110
252150
262280
263060
253880
268870
271570
272060
57300
273770
278360
279640
279720
280140
283040
283290
284930
284950
351030
285010
285050
285070
285090
285160
285800
286570
288060
289890
291390
292570
292910
293180
294020
294040
294230
297020
34270
238460
299460
299500
301750
303390
306350
306410
307070
265590
315060
321040
321150
321400
321950
322970
238320
326120
334210
2400
339470
236430
343360
344300
345220
345920
346950
347590
350810
355810
355920
357280
357290
357900
358080
360620
360970
362610
357070
371460
371570
372490
378100
380600
382080
382120
382490
291550
387840
391720
395170
397900
400240
400250
400370
365450
406090
406970
407530
409600
410110
280790
414290
414580
415960
416020
416320
414070
420970
422100
422250
422650
428430
424280
434250
436150
244930
443940
444220
447850
449220
449680
449730
448070
453820
455710
457590
464760
464960
466730
466790
467370
468330
468490
469890
473520
473710
474050
475220
476480
477160
485310
486360
486820
302670
487220
489220
494290
496500
498660
502400
503820
504490
319630
508180
508530
509240
509840
466240
513590
515690
518800
522570
523160
526390
526790
527440
529240
533620
534010
535690
535760
536930
537200
537360
538590
540900
541370
542340
489520
546400
529760
546660
547960
550650
553340
530700
554530
556160
557260
562240
562270
562430
566060
567290
575490
575700
575860
576440
576470
463150
578080
581610
581640
582280
583490
585860
586380
351940
595440
601530
607270
498320
619400
622170
622920
204300
628760
635880
236150
305050
218620
652550
323580
707870
15700
308040
231430
236870
368230
780440
228200
209670
513780
203770
232050
270550
863550
439190
490220
884660
222880
304390
638070
343710
1106850
