70
4000
15100
20900
17390
6060
17450
550
47730
33230
24960
35140
8930
22490
12210
12220
40800
47870
42910
48190
620
105600
24240
9350
105450
203770
67370
201870
20920
204100
91310
113200
208580
200260
204360
200710
219150
217980
200510
205790
219640
55230
219740
322330
2280
2300
4570
230410
236390
238960
265630
245550
227480
224600
44350
210770
236090
72850
241600
244850
220240
218620
239820
232810
250500
49520
217490
213670
250400
242050
209000
249130
265930
257750
9200
211820
270850
271590
287700
291860
238460
304930
8980
729040
311690
313690
265300
8190
274170
261640
730
298110
250900
354140
363970
238370
292030
373180
225540
208650
431960
374320
460790
462780
379720
359550
623990
337000
388410
489830
588430
304390
595140
631510
435150
504370
368230
570940
883710
