4000
500
33910
40400
550
22370
22100
8190
6800
33930
70100
50300
55100
55150
3830
116120
55230
202200
67370
204880
20920
63380
207610
209080
7510
214510
72850
38830
47410
51100
99900
102700
104700
113400
206210
208090
230410
236390
238960
223710
262410
265630
216150
224260
246280
253710
264380
224580
225260
216250
210770
3910
234650
65930
231430
218620
252490
700580
107410
16700
40970
226840
268870
270370
8930
244450
280140
282660
285160
286570
288060
289090
222900
301520
302830
304050
304930
312990
268420
227940
265590
206420
314970
226320
318600
241930
238320
326740
15700
274940
730
333930
334210
2400
2420
346110
351030
351470
35450
354500
494710
355180
255710
355840
12210
12220
365720
365670
374670
223470
244050
383080
391720
393420
365450
377160
406970
299360
410110
280790
239140
430960
431540
438100
438180
244930
444090
444200
446020
459820
460060
378370
464780
473710
473740
394360
302670
10500
319630
508530
512470
513000
292030
530620
530700
531190
533540
534500
311730
537340
537860
545110
550650
552990
555570
558100
8500
402560
566220
582500
582890
447820
588430
356190
506540
626680
559460
628610
630100
678550
512560
643270
644560
386180
656310
667890
323580
691130
695360
698780
700330
251950
436180
734910
215830
504370
755790
766570
776960
788880
794600
795100
209670
492630
813820
819500
433850
203770
844870
544920
857240
860910
863550
884660
222880
696370
304390
437220
952440
962380
530630
43110
395170
1024500
219830
761890
331470
