1250
46410
42500
7520
55100
91200
55150
205790
37400
206690
209080
218640
7510
218740
1930
6370
47410
99900
109600
113400
113420
200210
212800
218230
230410
236390
238960
215100
269390
286100
202090
206500
246280
263540
225260
224220
3910
234650
65930
35450
235720
233250
251910
253650
253900
253920
253940
253980
254060
238910
45500
261110
252150
263060
267920
268240
268870
271640
271860
274900
275470
225840
278460
222900
283230
283290
283370
283390
283410
283430
283660
284950
285580
285840
286120
286360
291410
291550
293180
293260
293560
294160
296050
296910
297020
298520
299260
299460
299700
300080
301520
301750
302830
303390
304050
304500
304930
307350
307880
227700
9900
311480
312640
215080
312990
9880
227940
314250
277950
315260
248470
311250
315920
317360
317780
318600
319180
320540
321950
327690
227180
24240
328940
331360
332650
335240
335430
317440
338000
338050
338180
338540
338810
339120
339160
2400
339610
341120
343360
345120
346120
346900
342480
347630
350020
339280
351140
351800
352160
353360
354200
356200
356670
357280
357900
359810
362610
363620
363970
364690
366760
298180
370190
371390
372000
372800
372820
360480
375460
375710
379290
380840
381640
382120
382490
383930
385890
386360
389430
389570
391460
391740
393410
394680
397980
398710
400240
400250
370220
400370
403740
405950
405980
236110
280790
272890
416690
417890
427270
397720
427780
428430
360730
432020
424280
434010
436150
264240
420790
444090
448460
449140
455970
456660
462030
466910
477290
485610
48000
495910
497860
502550
504300
402570
512470
513560
397060
531960
542480
489520
550650
530700
555210
444200
402560
563560
578310
580990
606140
511800
613590
630100
204300
218620
666220
667890
321400
730590
215830
504370
755790
231430
209670
813820
360620
433850
825580
828960
232050
334210
365450
222880
730
638070
984110
308600
761890
226840
