4000
8000
4500
400
11450
12120
65540
620
105600
49520
217490
219150
55230
214510
220440
109600
200210
208090
230410
238960
223710
44350
262060
226840
272060
273110
278360
283880
285160
292910
301520
304050
304930
314020
205790
323370
327690
261640
331470
730
337410
338180
319630
364390
364470
365670
367520
223470
380600
382490
384110
386360
387290
291550
391540
400040
236110
397720
431960
438100
444090
596350
446270
450390
453890
50620
462780
475550
486820
273350
402570
542340
564710
575490
582890
588430
511800
306130
506540
625430
630100
386180
648430
650700
698780
700330
554620
368420
711810
729170
734750
738060
480430
504370
813820
845070
846790
850790
868020
871720
826600
308600
285800
343710
1046930
266310
252130
282100
370910
275390
684680
