220
340
2100
9050
13520
500
16450
21980
8190
50130
42670
21100
620
20920
46500
48000
9200
55230
41070
564310
67370
204340
108710
210410
202750
200260
214340
113200
98400
35140
17300
17340
108800
208200
49520
205100
202170
220240
203140
205930
8870
230410
238070
223710
203160
243120
243200
209000
206420
252490
700580
252950
209160
242050
233130
265930
267530
268850
550
281920
282140
286690
288160
41050
41060
227780
107410
299950
291480
317400
268050
209650
238320
214490
261640
298110
304240
352400
288570
354830
365300
383150
384030
291550
234140
391720
57300
208650
425580
431240
391220
434570
310380
379720
377160
477160
319630
508900
337000
530330
530620
532840
533300
536930
493340
562220
501590
566160
571740
573130
575640
578330
582500
588970
610360
611980
622650
630100
645090
645260
386180
650500
648390
655100
658560
665490
678800
215280
466240
799070
802200
730
