240
4000
12210
1250
6080
33910
33930
620
105600
55150
72850
67370
201700
104900
204100
209080
204360
49520
219640
109600
113400
218230
230410
236390
238070
243870
39000
209870
223710
239660
248570
265630
224260
241640
224580
203160
8870
210770
242760
91310
216250
246900
255520
218620
251570
252950
233130
262280
265930
266430
550
271590
274190
222880
225840
286160
293260
238460
286690
287390
302830
304050
304930
63380
224600
311690
291480
312990
268420
227940
317360
317470
200110
233720
274170
233610
323370
241930
307690
324800
261640
24240
730
332950
333930
335300
346110
235540
232090
365720
202090
238370
322330
372000
374320
381210
291550
352460
394690
214490
9480
206420
301910
208650
359550
239140
431240
431960
433850
438100
444090
457330
207140
470220
473770
477160
292030
307780
489830
550650
558100
463150
578080
582010
601510
305050
657200
674940
700330
22350
709310
711810
466240
231430
4560
228200
823130
513780
696370
