1520
4000
6860
228200
2300
2290
4760
4770
12120
9760
19900
17300
10090
17480
24740
21760
21910
7830
22330
6060
25890
23490
550
22370
40100
24960
8190
32470
42670
24780
50130
8930
12220
8980
70000
92100
105600
21100
22230
63940
24240
9350
9420
113200
110800
72850
201290
64000
22380
204880
207610
98300
204180
108800
204100
20500
55110
209080
200260
212680
10500
205100
220240
223470
12110
34330
228280
231140
57690
218230
206500
34870
227100
233860
232770
233450
8870
233720
242860
233250
204530
244850
91310
216250
20
30
40
50
60
70
130
220
240
300
320
340
380
400
420
620
730
248610
218620
236850
239820
251570
252490
252910
253880
259280
259300
49520
242050
257350
247910
7670
8850
409710
409720
25910
259680
262120
40950
264140
264710
108600
211820
218640
268650
268850
270550
20510
41700
271590
228380
272860
222880
244450
275850
280720
281990
283290
283410
285310
287700
1200
1250
35450
35480
236830
292620
201810
245620
222900
296470
298260
299030
203140
286690
287390
301640
4570
9450
15620
302670
244160
304930
58610
222750
251060
299860
38420
38400
306660
307880
65930
200510
9480
55230
206420
404730
312010
313120
313480
313500
314020
318020
40400
238010
203160
321040
48700
321800
221380
322900
323060
226720
323190
323610
241930
239140
307690
238320
324800
298110
305620
282070
322330
225540
219150
342380
314420
343710
344850
346010
346900
230190
245470
287290
275100
350080
255710
356570
356500
359050
232090
232150
303390
362890
228880
507490
316430
259890
339800
365670
368990
370100
371200
651660
20920
292030
274560
377160
3700
63380
238090
383080
383150
383180
385800
391720
234140
394360
393970
398850
400240
400790
402430
311210
407330
238210
410710
413150
375910
105450
266840
287450
231430
386070
426000
427250
268500
427520
281610
359550
440430
440433
391220
434260
290790
438270
205230
443810
4700
294860
301120
455980
459820
466300
379720
480490
485890
363680
500670
503560
319630
337000
548570
550040
493340
578080
208140
285190
585550
612300
368070
628290
418460
641320
644930
655800
435150
750920
812140
203770
863550
611500
