24740
40400
18820
12220
45740
92800
70000
44340
91200
96100
35450
236830
201570
65730
20920
203630
730
4920
220460
208480
223470
204100
220090
17080
236390
224260
233720
224420
243140
239450
91310
216250
231430
234390
214770
244590
248190
218620
235600
222900
245170
253900
253980
254060
107410
238910
94400
238430
108600
267060
221100
268240
249050
269890
251970
550
271590
271640
96200
271860
222880
275490
278360
278460
283290
284950
351030
286360
287120
289620
291550
292380
292630
294460
295790
296910
297020
299260
301750
303390
304930
63380
307070
307350
227940
200110
319180
321260
324070
24240
329380
277950
338050
343360
350740
360940
364690
367600
373600
236870
252950
389300
236110
273350
504370
578080
460930
610360
657200
368420
552500
755790
772540
359550
952440
