4000
20900
6060
550
105600
57690
32800
204340
203770
20920
217200
10
100
240
730
214510
109600
208090
218230
230410
236390
240320
202090
226320
235340
246280
253710
233450
65930
239450
248390
214950
107410
257050
242700
221380
108600
265210
211820
8930
271590
222880
48700
239160
278970
285160
301520
304050
304930
63380
8980
49520
227940
200110
203160
323850
24240
218620
219740
322330
345520
346330
329430
255710
356040
306130
363970
6020
32420
32430
375820
379430
381210
386360
393420
236110
413150
280790
239140
391220
443810
444090
457140
292030
539730
542970
542974
1017170
578080
588430
504370
252490
813820
374040
433850
823130
304390
460930
1046930
