4000
2990
220
400
16710
17410
29800
9870
17390
17440
24720
34900
40400
11240
11280
38700
50300
55100
42910
105600
96100
48000
70600
12110
204340
204180
113200
10
80
240
730
218640
204360
224900
223470
24980
222980
34870
218060
227280
368730
99900
238960
223710
248570
224260
263540
44350
210770
65930
72850
241600
239070
218620
253980
213670
49520
217490
261110
247580
263060
108600
266010
211820
268870
269210
269770
273110
222880
274520
274560
225840
48700
278970
280140
280520
282440
282760
284950
351030
286570
287120
270550
219740
322330
292570
292620
292910
227780
238460
299720
303390
304930
38410
63380
307230
227940
318430
318600
205790
319180
6880
330350
331470
305620
282070
319630
219150
345220
345920
346120
298630
351470
314410
339800
391720
400370
410110
413150
462780
431960
435530
444090
448310
457140
475150
475550
509240
443810
527230
537360
489520
550650
576880
587830
588650
658320
658850
740470
236870
368230
34270
228200
34010
520530
813820
232050
544920
439190
490220
304390
638070
395170
231430
1046930
275390
