220
240
320
4000
550
40800
620
105600
72850
212680
204360
219640
236390
214420
223710
262410
253710
220200
218620
239820
206420
252490
252950
264710
211820
285160
302830
304930
49520
217490
311690
312530
227940
322170
323850
730
250900
343780
346900
354500
494710
285920
248610
363970
365450
385770
291550
391460
394970
280790
431960
433340
424280
444090
448310
449140
460950
466910
468250
475550
489220
521340
530700
531510
557340
436520
578310
578330
588430
589870
599140
643270
386180
666220
700330
734750
776960
813820
236870
823130
231430
