10
80
100
50
70
130
240
4000
4500
400
20510
17300
17330
17340
22300
17390
17410
6830
550
41700
12220
21090
21120
46760
55100
620
105600
21100
48000
55230
204340
108800
219150
223470
265630
224260
242760
220240
206420
251570
252490
22120
221910
260750
260770
219830
263060
264300
264710
211820
367540
268910
270370
271590
273110
274170
222880
284160
286690
287390
287700
301520
302830
304050
304930
238090
305500
250400
322170
232890
307690
730
316390
346010
307780
357290
362890
248610
368360
391460
225540
280790
414700
416680
431960
433910
441870
453270
454150
463150
377160
379720
474750
474960
50130
359550
497850
508900
513510
337000
292030
527450
527480
530890
537860
565340
578080
588430
607260
639780
639790
386180
218620
667210
629520
239140
379430
772740
878750
927890
946090
963690
