220
12210
24740
1250
35420
34900
500
550
8190
33910
33930
219540
50130
8930
41000
41010
41060
227780
564310
42700
42710
47780
56400
620
91200
105600
41070
203210
20920
207610
104900
204100
55150
108710
209080
10
100
240
730
204300
204360
49520
217490
202970
202990
212910
200710
219150
205790
219640
224540
223850
72850
3830
115100
115120
225260
47410
230410
236390
223710
272060
224260
224580
214730
6900
203140
205930
233720
233270
242760
91310
216250
220240
237110
218620
252490
224460
217980
107410
209160
209170
209000
262280
221380
221100
271590
273110
274170
222880
275390
200510
43160
65790
63380
307230
9480
55230
206420
255070
200110
250400
322500
221040
238320
298110
219740
322330
319630
236430
348020
7670
8850
8870
409710
375520
380020
234140
410110
414700
359550
239140
433950
365590
448620
468490
377160
379720
489830
479130
502140
55140
388410
462780
292030
530620
403640
480490
287700
550650
444200
556120
574850
578080
588430
615610
612880
731490
418370
304390
976310
44350
