10
300
220
340
360
320
380
2100
3920
3970
2990
6980
7000
8000
400
420
8080
12120
12150
13210
15100
19900
20900
12200
22300
8140
16730
17470
17410
19000
16720
22200
7860
22330
21980
1250
11390
40300
24840
39530
3270
17450
550
32430
41700
47730
10680
42120
8190
34010
28000
24780
35460
12210
12220
7520
31280
34270
47780
50300
47890
55100
99400
65560
71230
91600
73020
22610
22650
22670
70000
22350
620
57680
92000
12140
57970
31270
7530
22450
91700
21090
21110
21120
16450
21100
46510
46540
91310
55150
33420
46550
46560
24240
34830
3830
9200
39500
39510
39690
65540
65600
65610
39160
39190
39200
200020
32800
72850
201830
12100
12130
33180
200940
202090
67370
204880
22490
205550
108710
35000
108200
201700
20920
33120
207610
209100
202750
212410
32370
204180
42170
115320
11420
12750
98400
35140
17300
17330
17340
108800
20500
55110
667720
99410
212580
216910
214340
209080
94600
94610
94620
8200
8210
8220
8240
8250
8260
8270
8280
8290
8300
8310
11450
218510
200260
218640
46250
209730
49520
222160
7510
211670
215510
219640
211400
57690
219780
1930
224900
4500
225600
214510
12110
224420
228400
109600
211500
238960
253710
263540
34870
225260
218060
217920
224220
220440
221040
203160
220050
225420
208730
230650
43160
44350
210770
222480
3910
232750
234650
215690
65930
228300
35450
224060
225360
215530
235720
242760
242780
242800
242880
233250
243120
244690
237110
237590
237550
215550
246740
241620
248710
222940
234080
249650
245280
249990
250620
251530
251910
252330
252350
252950
253410
253650
245170
253880
259280
259300
253900
253920
253940
253980
254000
254020
254040
254060
254080
254100
243450
205100
215630
255280
255480
222640
243000
224860
29900
247660
245620
22120
22140
22180
219990
233130
255520
213670
257830
258220
247000
8850
409720
258910
259170
260160
260570
261110
261180
217100
261530
261760
262280
262470
263720
263740
263860
230070
264300
264480
209000
242700
265300
265330
22320
226840
267490
268200
214870
268870
269330
269650
269790
270510
270850
257890
271570
271590
272060
57300
239200
272330
224480
274130
222880
274620
200510
277460
278360
48700
239160
279440
280180
280440
281220
282140
283310
283880
284390
284930
284990
324060
285050
285070
285090
285130
285160
285580
286040
286440
286570
287070
287100
36700
227560
258180
287680
288060
288880
289420
243930
233290
267550
292390
292410
292620
292910
293180
293320
293840
294040
20510
295670
295690
222900
296630
296710
296770
296830
296910
296970
297350
298600
216250
299640
299950
223470
232770
300380
300550
8980
729040
203730
239430
286690
301540
301860
254700
244160
303610
304170
305500
287450
307070
307880
256190
9480
55230
206420
310510
310560
312450
312610
312840
9800
313630
227940
313780
314450
265590
277950
314830
255070
315060
315430
248470
311250
316890
317100
253510
318220
259130
318600
319050
319970
320040
238010
320540
321040
250400
321150
268050
321270
321400
258520
400430
323060
242640
226560
302510
301970
240760
404730
324110
272470
241930
307690
238320
324740
324760
324800
326840
261640
308420
275060
15700
331360
331870
305620
333250
234630
282070
334070
334210
334560
276810
335700
335820
336250
301910
337480
337950
338050
338550
339000
339230
319630
339470
339590
265000
339700
340000
340200
340310
341090
341980
314660
343360
344040
344440
344760
345010
345430
345920
346290
346940
347560
348020
266510
348450
350640
351920
329430
353190
353550
21690
355650
355840
351030
355920
355970
306130
356880
357310
357900
358640
358650
358830
338530
359100
359580
359900
360150
232090
360620
360880
360890
336420
311340
361190
362410
344410
363610
363620
363930
365070
365720
367010
367080
367300
238370
397080
368750
207930
225640
247950
369440
40390
249230
370100
370310
370510
371210
371460
371570
371670
269670
372670
373180
374830
375510
375580
375750
375760
341940
274560
257400
378930
381870
382300
382570
246760
383330
383930
380140
384180
345180
383870
384740
385270
385560
385400
385690
387070
388120
388420
388490
388880
287700
45740
235210
390730
390910
390970
391070
391260
391720
392060
392820
393200
394130
394310
375960
394480
394540
394700
394760
394870
395170
396360
397500
398710
398850
399100
287920
400170
400240
400370
400510
400630
360170
400740
234140
365450
402840
403570
403670
404070
379640
404590
404770
214490
405370
405500
405760
405950
406090
406210
406970
407300
407530
407560
407620
407780
407830
407840
408920
410110
388410
462780
410670
219760
230230
373420
411300
411480
411520
412600
412880
235540
414500
225540
414580
414700
415030
415350
415590
416020
416320
307670
417430
418070
418180
418950
420210
386280
422250
422650
422810
423230
423700
424000
424250
424840
425210
425670
239250
282530
426310
397720
427460
427780
367500
428420
428630
428950
239140
428900
429570
429620
431330
431710
431810
432020
432470
433100
433210
433850
439700
434010
434070
434250
290790
433530
400360
436180
264240
437570
437900
438010
438180
438420
438480
438680
439250
235460
310380
441870
442180
443110
205230
205950
4720
203750
99300
211160
443680
443940
444180
444460
444520
402260
446020
446270
446380
446990
365590
447290
447500
447820
447850
447890
447940
448250
448540
448620
448660
448690
448350
450110
448070
451000
451020
452340
452450
453670
454890
454930
455710
455970
370770
456690
457440
457590
457710
457760
457820
458000
458520
459090
459910
460060
461520
461640
461890
462200
462220
463050
463100
463210
463700
463710
464100
463920
464920
466270
466500
466560
466730
466790
466840
21670
365190
467210
467570
468000
468330
468490
377160
469730
469890
470740
473470
473540
473670
473690
474820
475150
388320
475220
475550
437160
477180
477980
482300
338390
382050
50130
485080
485330
485350
485390
485420
485610
485730
485830
485870
485890
486150
486310
486360
487120
487180
487530
487580
487590
487600
489070
489220
489360
489460
489520
48000
489890
490220
491580
491650
491950
492340
492630
493200
493540
493710
390340
495350
496680
497050
498740
499420
499520
442080
499660
500570
500580
500590
500710
486480
501310
501900
501920
503530
504980
505170
505210
505740
49540
506610
506670
507010
509110
509240
511340
511750
513370
466240
513610
513620
513780
514490
518100
520530
520720
337000
521230
521630
521940
456610
522570
523670
292030
524640
525780
526460
526790
527480
527770
528080
528090
528510
530620
530700
530950
531860
307780
531930
532600
533150
533330
533950
535690
535760
536930
537340
537700
418370
538590
539720
540900
444200
542340
542430
542690
362960
543780
544920
544330
545370
545410
545700
545860
546230
546700
546990
548330
549900
550180
550220
550420
550650
552590
553210
553340
555150
555450
555660
555920
556010
556120
556160
526920
556280
272270
557260
8500
558620
252850
558610
559340
562240
564070
32500
565860
567290
569760
573600
574030
574310
574580
575490
575630
575840
575860
575910
576050
576130
576730
576980
577700
577800
463150
578120
578180
580990
581610
581640
581820
208140
582280
583760
584100
586130
586380
586620
587590
587710
588420
588430
588710
351940
590970
355790
591740
592580
592890
375230
595140
600090
601280
601530
603190
606150
608800
608830
498320
609490
480490
610930
612390
613250
373930
600210
614710
503350
619700
622170
622920
623580
623940
624270
234270
204300
627460
627690
628770
629220
460810
633460
635200
236150
504370
643820
644640
645480
305050
218620
658980
663380
646370
666290
601430
667890
670350
674400
323580
680480
582560
414340
691690
611500
365170
368420
715690
308040
414740
38400
735580
743390
744190
747340
751240
231430
759610
760060
236870
368230
379430
777040
788260
794600
488790
797470
4560
228200
209670
804870
823130
838330
203770
845070
203140
205930
232050
863550
439190
872790
638970
350280
356190
63500
619080
769920
770240
673880
304390
96000
790540
510840
961440
730310
638070
905370
308600
728540
421650
285800
343710
370910
275390
