550
8190
21100
72850
41070
20920
204360
17080
109600
207230
208090
230410
236390
238960
240320
258700
272350
223710
265630
202090
224260
235340
246280
253710
242760
218620
206420
108600
271590
273110
225840
283060
286940
216250
238460
300040
302830
304050
304930
270570
310370
268420
227940
258160
327690
331360
331470
10
80
240
730
335300
316390
346120
349480
349700
339280
361420
364110
238370
372000
386360
389300
391460
236110
423880
431960
437160
438100
444090
596350
445230
273350
527230
550650
558230
302590
588430
590420
386180
698780
466240
755790
771460
799240
861920
863550
611500
489520
275390
