4000
15370
550
8930
42910
620
105600
55230
209080
204360
49520
217490
200210
230410
238960
262410
202090
239220
253710
44350
237110
211820
271590
278360
48700
48720
246620
238460
304930
312530
312990
313160
227940
323190
323850
241930
730
218620
282070
338180
346900
301910
361280
322330
381210
291550
389570
431960
424280
444090
457140
475550
273350
292030
526790
307780
534500
8500
356190
612470
306130
645260
386180
674940
701160
711810
629520
466240
761620
368230
496300
359550
813820
863550
611500
43110
638070
231430
