10
240
320
3920
4000
4540
475150
4700
4760
4770
11450
20900
22300
9450
15620
25830
10500
29800
4560
9340
20540
228200
1250
33910
22320
6060
40300
24840
500
550
34030
40100
46260
20570
48700
24960
8190
40950
40960
40970
40980
39650
39660
25900
8930
39500
8980
22490
1640
31280
50300
42910
56400
64000
92800
34330
70000
620
48720
91200
105600
91310
55150
107100
115200
57690
35450
236830
42680
42690
24240
17710
72850
55230
41070
201570
35720
34270
205790
220
340
204030
204880
7520
110800
20920
204860
63960
98300
201790
211420
209080
202170
730
63900
49520
217490
200710
42160
206980
48220
204360
219640
211400
4920
208480
43110
35480
220090
49540
38830
47410
99900
104700
105430
109600
113420
206210
208090
212070
212500
230410
236390
238960
39000
224260
235340
239220
225260
203160
227180
8870
224220
44350
210770
234710
234650
65930
222730
224420
242920
239450
40390
220240
237110
248390
218620
206420
251570
252410
253900
253980
214950
241540
219990
233130
250400
259550
254440
252150
262280
264710
108600
215530
9200
211820
226840
268870
271590
244450
238750
274190
277430
278360
239160
222900
280460
282100
283390
285160
286160
236430
286570
289300
233290
292910
266840
245620
300080
304930
4570
38400
38410
237850
260230
227940
265300
318600
274940
221380
287450
232890
221040
302510
241930
239140
238320
261640
330830
331470
335430
219740
322330
319630
339800
345220
325610
301640
255710
235540
356270
356290
359320
232090
364470
377160
381640
389300
391720
253030
244710
275100
250180
312610
366250
234140
365450
15700
413150
417860
426000
438040
440900
99300
364360
466560
485980
486310
491950
496460
503300
505460
527430
530700
538590
362960
489520
552500
563560
578080
588430
375230
590380
351940
418460
236150
644560
644930
386180
305050
323580
368420
113020
435150
594570
755790
231430
236870
368230
379430
209670
359550
312670
203770
232050
270550
439190
334210
222880
696370
304390
96000
402390
510840
638070
395170
308600
285800
343710
761890
370910
