220
380
400
420
7520
620
67370
204880
204360
230410
236390
238960
240320
44350
65930
268870
278360
292910
291480
206420
205790
333930
277950
287290
339280
354290
360750
363970
42120
322330
383080
386360
291550
389300
393530
401190
388410
462780
438100
440730
444090
302670
487220
491950
319630
506730
536410
546930
550650
8500
558620
558610
438740
575950
366440
208140
498320
619910
630100
386180
218620
466240
368230
466940
319830
823130
863550
439190
490220
209080
608800
611500
334210
63500
341060
365450
222880
696370
304390
730
96000
402390
510840
638070
395170
231430
308600
285800
343710
780800
1046930
