10
30
40
60
80
100
20
50
70
130
240
300
320
340
280
4000
2400
2420
2430
8000
2270
9010
2280
2300
409710
4230
4290
12750
8600
20900
500
24740
550
10180
10190
564310
8190
58200
33910
33930
70300
42700
42710
22490
8980
729040
220
380
420
40800
42910
63950
754530
400
620
70000
22350
105600
44650
44680
28050
96100
35450
33420
8930
70600
102600
42680
42690
113200
201280
201480
110800
72850
41070
205790
10220
204340
108710
63380
98300
50300
104900
42170
17710
201790
205550
50650
730
211420
200510
217980
204360
207210
49520
217490
10090
202970
202990
212910
200710
11040
11130
11140
11150
11190
220860
203140
219150
208200
219640
1250
1930
223470
55230
4500
6860
200170
222980
221640
224540
203160
49540
219890
17080
47410
104700
200210
208090
211500
212800
218230
227240
230410
236390
240320
286080
223710
265630
206500
263540
224580
221040
6000
6020
6030
6060
32350
32370
32380
32400
32470
34870
107410
232010
230050
232770
24010
224220
228440
65730
225600
234650
220200
242860
242880
233250
243120
238240
244850
225160
237110
246900
255520
265210
244070
223670
244210
218620
250340
250580
251570
251810
252490
253430
253900
15320
244050
22180
220260
233130
260190
244090
238430
242700
263060
263920
44350
265930
211820
221100
249050
25000
234190
269210
269790
270110
210770
270850
270880
204300
271360
244870
236430
57300
273110
222880
237870
225840
48700
48720
240760
282440
282900
254700
284160
286040
286940
287340
287700
233290
293260
294860
227780
289130
298240
238460
214190
255220
286690
301520
65790
302830
304050
304930
307960
227700
9480
206420
310360
310380
291480
244630
227940
313980
315260
315600
274900
317360
317470
318100
318430
259130
238010
250400
274170
322170
242640
324160
307690
238320
324800
261640
313160
24240
329770
332310
333600
334040
299360
337320
257510
338180
339230
341190
341540
295110
433850
12120
271590
301640
345370
333950
349700
352610
355180
354900
355500
356670
357770
360150
360170
232090
362890
363490
363970
365300
365670
368860
40300
40390
249230
266310
371180
322330
374320
341940
377160
378370
383580
383790
384110
385770
385800
389300
304240
389570
390970
391460
363440
397340
225540
391260
400040
401190
401680
393380
235540
404790
405010
406150
407330
407810
409160
409510
462780
236110
410890
412130
412830
280790
414510
415030
415420
417860
418070
418370
420110
416190
268500
429300
429480
427730
431870
431960
431540
391220
424280
434050
434570
438100
460870
384490
427920
439350
439920
442780
444090
454150
455710
459820
460790
460950
462990
381210
379720
473740
474750
474790
482120
359550
485310
485380
485510
447040
488280
495890
502940
505230
507010
509220
513000
518030
518790
520530
292030
524220
530330
530540
530620
307780
444200
542260
489830
550650
552500
530700
555570
557340
562010
436520
567090
572010
422870
575830
463150
578080
581630
582500
582890
236870
584210
588430
588710
594160
603370
607200
607260
608560
610810
344040
621060
629760
630100
632360
632730
636480
638110
644560
645630
305050
612880
654850
654990
657200
658850
660880
673130
676740
677620
611500
679990
685450
687260
698780
240720
707010
38400
727170
746140
753610
757240
519860
379430
773951
776580
787310
797470
802200
803980
810670
819030
825630
492150
570940
863550
871720
544750
480490
878750
758330
883710
893030
714010
893680
899440
946090
961440
965810
967130
967250
555440
1010750
1037590
331470
1016960
1104390
