2100
2130
4000
6200
6860
2600
6910
6920
6980
7010
7020
2400
4540
6570
11420
12110
12160
10460
15120
12320
13510
10530
19900
20510
20900
12900
22000
12200
11240
9480
16730
17430
17410
13580
23310
3710
4560
20540
3590
8890
22330
22320
9870
9860
12810
15170
15370
15380
6060
11370
38400
13570
39800
39530
41500
12330
33580
17450
18110
10180
10190
24790
24810
550
3230
37010
2550
11280
11340
19200
32430
11190
11140
45700
205650
41700
8850
10680
40100
15620
20570
48700
47700
24960
43110
8190
6810
6830
6840
39630
39640
46420
32470
34010
50130
21130
33910
33930
219540
28000
42120
57300
21970
9940
70110
42700
42710
65500
45750
2820
201310
8980
39500
39510
67000
43000
32500
58540
219780
33980
90500
63500
47870
9010
31290
35130
42910
9930
99810
55100
34330
93200
63000
73020
201830
91200
41800
620
97100
41740
96000
95300
72200
45760
105600
92100
105400
13500
91700
97000
47780
1250
33440
3160
3170
7500
7830
7840
7850
25900
46200
46260
46330
64000
46540
18700
26500
26900
41100
55040
70300
96200
28050
91310
96100
48000
9500
107100
46520
107200
61700
98900
111600
9200
55150
109700
58550
35450
42680
42690
111400
24240
17710
98100
98200
113200
43190
55230
92800
65800
201280
200910
110800
39690
39160
72850
91600
1500
1510
1530
107800
22350
202200
33180
202710
99300
12830
70120
98800
105450
204120
104700
203210
21170
22490
203810
202310
205870
207320
203750
96800
96400
20920
10270
207170
63380
207690
91800
91810
207610
42170
207350
204100
205910
208140
108710
202750
202170
20500
55110
50650
115320
212030
207750
211420
211050
213120
208580
214790
204220
204300
200260
49520
217490
212680
214970
220780
204360
220860
10090
202970
202990
212910
200710
212580
42160
219150
204630
214560
219640
96300
8870
200510
211400
215470
219760
218410
201790
216130
221020
214230
215930
1930
7520
7530
203140
205930
218680
45740
45770
214510
223510
224420
220440
226700
225640
223390
12120
12170
12180
12210
228280
203160
212480
49540
227300
228400
204080
229600
208520
225260
13140
208090
212070
230410
236390
233630
251670
265630
271290
224260
226320
241640
253710
224580
8930
227100
224820
214320
107410
221380
207930
216250
227180
34870
214730
233450
227160
227680
208730
224600
233720
44350
222480
232050
225600
234710
220200
48220
228300
238210
222730
210770
224060
215530
209540
236090
8500
241600
65930
35720
206420
219740
322330
242760
242800
242880
242920
233250
243280
228960
225360
39140
244810
244850
225160
238750
243380
239250
40390
237110
218820
246900
255520
234080
244030
239030
209000
221680
237630
239070
248390
248860
218620
232430
238280
239820
232810
238320
250320
250380
237740
228560
204450
233270
251570
252030
252230
252250
252410
252490
252770
253880
259280
253900
253920
253980
217980
243800
245450
255220
241540
209170
242980
247660
249870
257050
234670
239160
219990
247730
233130
213670
255480
257930
258220
251170
250400
238010
221040
259170
259190
259780
260270
260650
238430
245280
249130
242700
261760
262060
262870
263140
263320
264200
264240
264710
264730
108600
265300
265550
248630
265930
266090
39150
211820
367540
39210
267530
221100
218640
268650
269210
269790
270850
271260
254460
254480
272060
273770
222880
237870
274900
275060
226840
233350
278080
230840
278460
280160
280930
281220
281370
200110
246620
283290
283640
254700
286040
238240
243470
286940
249380
287450
287630
287700
287980
289400
289520
243930
290080
290300
291710
270550
292410
266840
293320
294100
201810
214340
243200
249650
236430
222900
296240
261110
296710
297000
289130
298050
238460
237930
299740
214190
300380
209650
209660
301520
263280
304240
304930
307880
311340
311690
311730
312640
312840
313120
313160
313630
227940
288470
298110
272510
249230
318600
255070
241930
320240
320340
321360
304730
400430
322920
226720
323190
241260
6550
246940
302510
214490
324080
324260
324800
325420
258970
326180
327560
327860
301910
329440
10
730
241560
305620
332500
323470
310380
333930
236110
319630
230290
340150
341000
295110
433850
342260
343710
239140
346110
333950
307780
298630
287290
350310
350640
351290
291650
202090
238370
335300
354650
355650
355840
356040
344760
356500
306130
271590
359310
359320
359940
232090
232150
360760
361420
363130
363440
240460
367500
367520
367670
368360
368750
369080
247950
292030
361800
373420
373880
35140
208650
267490
374040
375230
376870
377160
331600
381210
382140
383120
383870
351970
384740
385380
386180
386360
387990
388410
340170
389040
312780
234140
393420
393530
396750
225540
541670
402710
393380
403190
403740
235540
226860
228260
241990
321960
368230
289950
411300
280790
375910
311210
349040
223410
268500
428190
391220
435530
437870
438490
437220
440900
236870
441790
374320
443810
444090
446020
446800
365590
448460
457140
460790
466300
466500
471330
475550
480490
338390
485510
489360
489580
304390
493370
223850
273350
502500
503350
504050
234630
518030
519190
520530
337000
523650
524660
403640
418370
543460
544750
489830
292730
393100
555570
507490
24010
314160
438740
574080
578080
249050
588690
524220
460930
606150
606280
607380
616560
506540
627690
392110
645630
648350
648800
658980
671510
692850
704850
707010
738520
552700
750050
753420
755790
761620
637650
814380
552500
737010
847370
848450
851100
863550
868360
611500
356190
883710
646910
899440
817130
951440
976310
706020
