220
240
4000
2990
4500
420
12120
19900
17300
8140
17390
17470
1250
33910
10180
10190
41000
41700
33230
24960
33930
219540
50130
8930
22490
12210
12220
620
57900
42680
42690
24240
41070
6100
20920
204100
50300
91310
202170
50650
730
200260
202970
202990
212910
217980
200510
223470
55230
208480
203140
205930
17460
24980
227300
72850
208090
211500
230410
236390
238960
272350
223710
265630
224260
224580
8870
203160
233450
44350
242760
107410
206420
220240
237110
218620
222880
219640
252490
236510
241540
219990
238430
209000
40950
263280
108600
211820
270880
550
247730
271590
244450
273110
48700
239160
282140
287700
201810
296710
286690
243470
304930
238090
8980
49520
217490
313160
227940
265300
8190
321040
250400
268050
221040
214490
239140
238320
289650
331470
305620
282070
335300
319630
287290
35450
350080
255710
232090
234630
292030
380600
383150
386360
391460
393420
234140
311210
225540
414700
349040
208650
359550
391220
433850
434260
438100
211160
444090
365590
371660
462780
381210
377160
379720
477160
48000
273350
512470
337000
489830
530330
530620
550040
550650
555570
8500
578080
612880
675010
1046930
