10
300
240
320
4000
400
500
550
8190
105600
20920
8980
3830
207610
730
209080
49520
55230
220240
99900
207230
230410
236390
248570
34870
225260
210770
35450
214560
217920
256190
233130
255520
261110
261180
261760
263300
266940
57300
239200
273110
282900
284930
285010
351030
289090
292570
292620
271570
299460
301520
303390
304050
304930
306350
307070
310360
291480
268420
227940
265590
206420
315810
203160
238320
326480
15700
241560
333930
344770
345220
348020
351150
353270
354380
352400
255710
366220
351710
372540
381140
382310
383080
386360
317820
388410
391720
397270
251870
400170
400240
400250
400370
407300
410210
410890
413850
585280
414530
225540
414580
416130
418340
423880
426000
431960
438030
439350
443420
443940
444090
459820
460120
469990
472870
475220
485410
487430
490940
368230
496300
512640
513530
526490
324810
530700
311730
546400
529760
547340
552990
554600
289130
555700
568770
569970
577480
578080
581130
582660
610810
616720
626510
628610
628760
630100
639790
261640
642890
686140
711400
716620
644560
394230
305050
218620
652550
668630
720280
723780
734910
738390
215830
231430
662320
236870
55100
319830
813820
203770
844930
