80
50
70
220
380
4000
420
500
17410
1250
550
31280
40800
620
105600
24240
55230
200900
49520
219150
51100
99900
104700
113400
200210
272350
223710
248570
265630
224260
113020
234940
234710
218620
251570
253230
238430
262060
263980
267980
270550
271590
273110
282140
299460
301520
301640
302830
304930
280680
310370
311690
318100
319230
203160
274170
322170
223650
730
215470
333930
277950
337950
316390
346330
349700
355180
355840
232090
322330
378370
382120
383150
383180
291550
389570
391460
391540
397900
400040
405640
407530
410110
280790
420530
428550
239140
391220
438040
244930
454890
463210
504230
508140
527230
447040
562270
563560
302590
700330
