70
1250
8930
12210
228200
400
620
20920
50130
24240
12120
105450
204340
47400
50300
730
49520
219640
227300
109600
230410
236390
271290
223750
253710
224580
220050
233450
233720
72850
220200
239030
236850
252490
253980
107410
220260
261430
40970
263280
221100
270880
550
271590
244850
48700
48720
286160
33910
33930
65700
65720
219540
294100
295110
433850
304930
313120
313160
221380
323190
232890
326410
305620
282070
322330
346110
307780
255710
363490
365670
367450
374830
380600
386360
291550
389430
391260
394310
394360
397900
214950
10500
4700
345240
393380
413150
418180
431960
444090
365590
455400
475550
477160
359550
348670
503480
505460
509220
513710
518790
292030
526160
531960
550900
8500
563560
578080
588430
218620
657200
674940
684580
504370
755790
231430
379430
804320
544920
878750
