240
320
4000
20900
23310
16720
1250
20500
667720
228200
17450
40400
550
10500
43110
34270
50620
462780
9940
40300
70100
7520
33770
2500
11200
35700
42910
96000
91200
42140
20920
11280
46500
46510
55150
3830
72850
25000
38600
300
67370
204880
41000
41070
108200
63380
33120
207610
209330
216910
214340
209080
730
214570
200510
218510
218640
200710
55230
219640
214870
7510
211400
4920
1900
215930
1930
3700
220240
212700
220440
220090
11020
47410
99900
109600
230410
238960
240320
233630
237310
250600
206500
235340
239220
221040
225260
409710
224220
21690
225420
8870
227180
232770
232750
44350
222480
234650
234940
234290
65930
228300
35450
215530
238890
224420
35720
242860
242880
233250
243120
239450
40390
215550
91310
216250
45740
234390
241620
234080
243780
244590
231040
248410
248710
249650
249990
251530
251690
251910
252030
252170
252490
252950
253650
245170
253860
253900
253920
253940
253980
254060
254080
254100
254300
243800
215630
72900
246760
247120
257120
238910
233130
257830
257890
258200
45500
49520
258950
259320
259360
259390
259740
205990
238430
261110
252150
261760
262150
262280
262810
263060
263860
264060
264140
264300
265120
265300
265930
226840
267920
267980
253880
268240
268870
269330
269790
251970
271570
271640
244450
96200
57300
272330
272470
273770
208670
274900
251570
275470
275490
275530
278360
278460
222900
279440
279640
279720
280140
280640
254700
235210
200110
281940
282100
282140
282880
283230
283290
283390
283660
283960
284730
284790
284830
284850
284870
284890
284930
284950
351030
284990
324060
285010
285050
285070
285090
285800
285840
286040
286120
286360
286570
287120
227560
287340
231430
287700
287860
288060
288880
289090
243930
290650
291130
292370
292380
292410
292570
292620
292630
292910
293180
294020
294040
294230
296050
296300
297020
298520
298600
299260
299460
300220
300340
300550
301640
301750
15620
20570
56400
302010
302610
303390
303610
34830
34870
304430
304500
304930
238090
305980
306350
306410
307070
307170
307350
308000
240760
404730
311860
312450
312640
312990
313080
313650
314010
314250
314410
265590
277950
314790
255070
315060
315640
248470
311250
215080
317380
317470
318100
202090
318220
249230
318600
319150
319180
319830
319910
320040
8190
320150
203160
320540
320820
268050
321040
321150
321260
321360
321400
321920
321950
322500
258520
400430
265550
322920
322970
226720
242640
232890
323580
302510
241930
258970
238320
326120
326160
327410
327890
328500
328600
328680
24240
328940
329000
329280
329380
308420
211420
330350
331470
331870
305620
215470
333930
334030
334070
334210
334560
276810
335240
335430
335690
335700
335900
336250
317440
338050
338330
339000
339130
339160
2400
319630
339290
339470
333760
340300
340580
340650
340800
341070
341090
341550
340820
304240
341940
342280
342970
343100
343280
343360
343390
343710
343930
344040
344130
344300
344880
345120
345220
345920
346040
346140
346210
294440
346950
347560
266510
348960
349210
349580
287290
339280
351140
351470
351490
351570
351920
291650
352890
353130
274620
350810
39120
354860
355100
355920
356070
356200
356420
235540
357200
357280
357290
357780
357900
345350
358080
359810
360150
232090
360590
360620
360890
336420
360950
360970
299740
361190
361700
495460
361990
362610
363620
363970
365420
364690
366440
366760
366890
367500
238370
368990
369040
369080
247950
219740
370090
371010
371390
371440
371510
371570
371670
371690
322330
372490
372820
373140
373930
374320
374570
374670
375010
375460
375620
375710
378100
378610
379290
380890
381210
382080
382120
382300
383560
383930
384150
345180
384840
385070
385080
385270
385490
385560
385400
385830
386420
290340
387070
317820
295790
388390
388410
388420
388750
388960
313020
364050
389400
389810
301860
234140
390880
391660
391740
392820
385240
392940
394280
394540
394680
394760
394870
395170
395570
382490
395940
397900
397980
331600
398680
398710
398850
399270
236110
399820
400170
400240
400250
4700
211160
400370
400630
360170
401190
401330
365450
403900
403940
404070
403740
404770
15700
405950
407020
407840
409070
410110
410320
410430
410670
411180
412170
369200
412600
413850
414290
414580
414700
415350
415960
416020
416030
416170
416310
416320
417430
418160
418180
418240
418950
420740
420970
421060
421120
421810
422100
422250
422650
423710
423760
424830
424840
371660
425670
391220
427190
427780
427820
428430
431220
432190
433210
424280
433950
434010
434250
434500
434610
434650
290790
436180
264240
438020
438030
438090
438180
438490
460870
440750
440790
434410
441870
443420
443680
443940
444090
444460
444480
444560
348460
365590
447780
447850
447860
448470
448630
448640
448660
449220
449680
449730
450110
448070
452220
452320
452450
452920
453660
453710
453820
453980
454460
454890
454930
455710
455940
455970
370770
456660
457590
458520
460220
461730
461910
462030
463050
463180
463210
463220
463710
464060
464230
464760
386290
466420
466500
466560
466730
467090
467370
468330
436500
469890
473520
473710
473740
474050
474960
475220
475550
476480
477290
390340
338390
269710
485310
485370
485390
485610
485870
486310
486360
486820
486840
486880
487120
487220
489220
484950
489520
489610
490220
491000
491080
491950
492280
492630
493760
495350
495680
368230
496300
348670
496500
496750
497640
498660
273350
500710
486480
501310
502090
503820
504490
505740
391720
506670
497180
393970
508410
509220
509240
509840
466240
513590
514660
518780
518800
360430
520530
312660
520820
522570
525190
526790
527770
527810
529240
531890
533620
533860
534600
550760
535690
537200
537360
115800
537700
418370
538590
539350
539440
539450
539460
540900
541370
542340
543460
545820
546400
529760
529840
547960
551110
553340
553960
554170
554530
526920
557260
557680
558600
252850
562270
429660
566060
567600
438740
575490
575860
576440
576470
576560
576810
576880
463150
578120
581610
581970
582280
583490
584890
285190
585560
585860
586380
587830
351940
355790
593670
375230
595440
602770
605500
511800
607270
378540
498320
610930
598470
615050
615610
618070
460790
622920
204300
628760
630100
633251
634090
635880
236150
504370
305050
650700
218620
237850
680360
685310
414340
688340
689900
308040
391240
306130
239140
735850
738390
741450
755200
475150
236870
379430
591530
209670
804320
637650
805940
359550
513780
552500
838330
203770
841860
232050
440900
270550
439190
868490
874240
222880
696370
304390
402390
510840
530630
967250
638070
261640
225540
308600
225600
1059340
370910
