240
550
8190
12110
11020
17080
51100
109600
200210
206210
208090
212070
230410
236390
238960
214420
262410
265630
222880
282660
301520
302830
304050
304930
312530
227940
326360
327690
17570
332650
333930
339610
345540
346120
346900
380840
382490
385770
386360
291550
299360
280790
417890
427270
438100
444090
530700
550650
8500
302590
436520
578310
434510
588430
370770
606140
511800
607260
630100
386180
218620
666860
698780
700330
711810
735360
466240
504370
755790
662320
763410
791930
209670
433850
823130
203770
544920
439190
611500
304390
730
984110
308600
761890
