4000
620
96100
24240
201700
200170
99900
208090
236390
240320
223710
248570
262410
265630
202090
206500
224260
226320
252950
253940
247120
266390
273110
278970
285010
351030
270550
293180
301520
302830
304050
304930
269210
222900
200110
205790
323850
331470
730
346900
349480
339280
354500
494710
356670
360380
360940
363970
365670
322330
380600
380840
381210
385890
386360
291550
391460
299360
280790
414530
417860
359550
360730
438040
438100
244930
444090
454930
457420
226720
471710
302670
402570
508390
530330
530620
252850
402560
563560
438740
386180
218620
657200
504370
795100
360620
433850
222880
489520
1046930
761890
