1200
2500
3920
240
4000
2400
2420
2430
12900
11240
12200
17430
24740
1250
34500
35700
11390
20500
32200
41500
40400
550
41300
32430
18820
38700
45100
22100
33650
48700
8190
45400
33680
40420
8930
47540
70300
32360
32460
46450
8980
72400
63700
41730
7520
40800
67000
21100
9930
63710
92800
42910
55040
91900
93200
321040
70000
400
620
72200
91200
105600
20920
94200
42160
102200
49600
11330
11280
46540
49330
107310
50130
34830
70420
96100
35450
236830
61100
27940
58400
57800
107200
111800
17710
73210
98600
92200
92220
113200
110610
9200
65800
70620
200910
45410
72850
15500
15540
15560
201570
35720
202730
203990
22230
500
38600
204030
92300
22380
205550
42170
207650
207710
110800
208600
201700
207420
209330
108710
209520
207150
208400
207430
102500
203630
207610
209370
205610
50300
208140
409710
212680
107100
91310
211120
57900
214340
214360
35140
202170
211580
204300
98800
209080
205100
730
214570
215510
200510
211260
214830
209540
206440
220780
218640
203140
203350
220820
204630
217790
214590
214560
203680
219640
219150
220460
211400
33670
214610
218410
223470
55230
212110
43110
225600
204960
223630
201790
209190
46260
214510
227000
113020
105400
222980
227580
227220
220700
200900
9480
50620
55100
55110
55140
211280
218130
212480
229520
204080
202130
203830
219890
36630
99900
99910
104700
109600
113400
113420
201230
206210
207230
208090
212070
212200
212390
218230
230410
234310
236390
238960
39120
209870
214420
215100
233630
237310
242720
248570
250420
251670
265630
224260
239220
246280
256410
263540
227760
230650
209850
233230
227380
224220
203160
96900
230150
225420
234490
8870
226740
233740
227180
232770
230700
224500
234900
232050
31280
44350
235250
233720
234940
227480
236730
234290
11340
222730
42140
65930
235070
231740
224420
234160
236370
242920
243120
239800
241410
39140
239450
244710
244870
12120
12210
241320
237550
218820
246420
234390
246700
246980
244070
244730
231040
248410
248550
248800
248970
222940
249360
218620
239820
225280
250030
206420
96300
237890
250340
250580
250640
214550
111900
251310
251370
251530
251690
251870
251990
252170
252370
252430
253030
253230
253430
253570
203770
245170
25800
253900
253980
254200
243450
244050
236510
234000
255280
255300
241540
58520
208730
255870
247660
207040
217690
257120
233130
258010
258050
258090
258200
247000
231720
45500
247830
259390
259470
259490
259510
259550
259600
259640
259680
259700
260430
244090
238430
261110
261180
246580
219830
247580
252150
261700
262150
262210
221380
262550
262770
247870
262900
263320
263420
263720
263820
264120
264140
264200
264340
264360
264560
242700
264690
264730
226980
227300
265610
265670
266010
266050
266170
266230
267060
267340
267360
226840
211820
268850
268870
269210
269270
269790
270150
270550
247730
271820
273110
261350
274310
222880
274980
275200
277510
239160
48720
278460
278530
278570
279160
280140
254700
252010
281860
246620
282760
283290
284830
284950
351030
285010
285580
286040
236430
287260
287700
288470
289440
233290
290730
291190
291330
292200
292380
292620
292630
293180
293260
293600
293860
294020
294750
294860
295550
295930
295990
291030
296850
296910
297100
282800
298160
298260
299460
300380
300540
301520
301540
301640
303510
303840
304050
304930
305980
202090
63380
224600
306830
307070
307170
307210
307290
307580
270570
307880
227700
9900
311190
311860
291480
215080
312840
268420
227940
313020
222900
200110
317780
318230
318310
238010
317300
220440
323370
241930
238590
324390
307690
238320
325090
305050
258970
328060
328600
328730
373970
24240
329000
329110
17570
331870
332070
332330
333330
333930
334030
335010
335240
333260
336040
336280
339230
339610
339800
333760
340490
340540
340810
341070
341470
342880
316390
335660
290080
271590
346080
346120
346330
346340
346730
346900
347000
349220
349720
352070
351140
354920
355180
355410
355840
235540
306130
357780
357900
360620
361190
361990
320590
362660
363270
363930
363970
364110
364390
365720
240460
366220
367500
42120
368730
371570
322330
372000
372800
373930
376570
380360
381990
382490
383150
384180
385030
385770
385880
377260
386360
291550
387450
234140
390710
389570
393530
394690
397040
225540
398710
287920
401680
403570
405710
410320
410470
236110
412470
413150
414530
416670
416680
417060
422100
422250
427190
428430
239140
429470
431930
432290
436150
264240
436560
438040
438080
438680
439350
420790
441870
442710
444090
444620
446150
446270
447800
447890
448260
448460
452570
454100
454910
458960
459820
461690
461910
461950
467950
468490
255710
473530
473690
473740
475550
223100
482920
438720
485610
488440
489830
491950
492800
494090
494170
495910
368230
496300
417910
506140
402570
508180
509560
512470
513370
360430
523210
292030
528660
528740
532110
532800
535230
536930
540840
542480
542590
545250
545650
529760
549260
551730
552110
555570
555620
556120
556280
556870
557400
467990
557810
252950
560380
562590
563270
241560
429660
564710
565020
567280
567290
567580
568810
438740
569360
489520
577940
578310
389730
583760
584980
586470
586480
586970
588430
591740
595280
600370
601510
511800
612020
612390
618080
622370
623880
630100
640150
386180
666140
666220
667890
678800
680360
688430
697440
712670
22350
703840
321400
466660
721030
723790
466240
736430
215830
379430
775220
780580
783050
591530
791930
794600
469830
813820
648350
433850
552500
837930
844870
847370
850290
551170
852500
440900
858060
718670
638970
758330
834530
611500
681660
359550
