300
70
4000
220
320
340
360
380
400
420
550
50300
620
204880
204360
49520
219640
51100
99900
102700
104700
206210
236390
209870
223710
265630
224260
203160
242760
246900
255520
265210
271590
273110
301520
304930
291480
312990
227940
274940
730
333930
334230
355180
355840
322330
223470
291550
389430
397900
225540
427270
431960
434570
444090
359550
623990
273350
547960
550650
552990
555570
302590
436520
438740
585030
588430
218620
657200
674940
713650
714210
239140
466240
504370
755790
236870
788880
813820
433850
823130
863550
611500
619080
921060
222880
696370
304390
893520
43110
231430
278360
343710
