10
20
30
40
50
60
70
130
252150
730
348450
357770
360890
368990
370100
377310
399430
418070
432470
444410
448660
449530
458600
464760
475220
477980
487180
487270
489220
493730
499960
486480
503820
506670
513780
515690
528510
533150
535760
536410
537360
538590
542430
543170
545280
546400
546700
546990
547960
555260
555930
569490
422870
575760
575770
575860
578260
581200
582430
585560
585790
351940
607270
610670
613250
600210
619400
621150
304930
863550
304390
231430
204880
308600
278360
285800
343710
370910
