10
4000
220
380
400
420
500
550
50300
620
105600
3830
67370
207610
209080
113400
236390
225260
43160
44350
242760
218620
252490
243800
233130
255520
259550
261110
262280
268870
271590
57300
239200
273500
282660
285160
286570
290930
304050
304930
272510
321040
238320
331470
730
355840
356040
365670
42120
322330
389300
391720
398710
225540
417860
423710
431960
433950
438100
244930
439910
457330
463220
381210
477160
359550
48000
493650
509000
519190
530700
307780
544920
551110
563560
566220
438740
422870
578080
585690
588430
596170
222880
605500
598470
613730
619910
9480
636150
643600
305050
654850
657200
698780
22350
710780
368420
726820
745740
231430
236870
368230
55100
776960
211160
203750
228200
99300
265590
806140
813820
818730
203770
863550
884660
