10
80
2990
19900
12210
17470
33910
550
8190
12220
45410
47870
9930
65560
44340
49330
50130
33420
201870
26900
67370
108710
202310
110800
104900
108800
204100
1250
240
730
202970
202990
212910
4920
208480
223470
203160
227300
13140
223710
43160
44350
242760
218620
222880
252490
700580
255220
260750
260770
221100
271590
35450
236830
63380
312280
227940
351570
385370
287700
234140
377160
413850
413856
413857
391220
273350
292030
403640
530620
550650
619910
601430
414340
868490
225540
961440
883710
601150
