10
80
240
4000
70
220
15370
1250
34900
550
43110
8930
40800
47870
42910
48190
34330
620
105600
41070
205790
204340
201870
730
206440
204360
200170
201790
50650
388410
462780
109600
212070
230410
236390
238960
224260
203160
210770
72850
241600
219740
322330
242760
220240
237110
239030
233840
4570
4580
9310
15620
20570
56400
252490
252950
219990
242700
215530
211820
268910
271590
278970
222900
283640
286690
287390
286160
238460
304050
304930
250400
63380
217490
311690
227940
206420
269210
4760
200110
323190
242640
223650
211420
218620
282070
334030
335300
338180
250900
219150
274170
341800
346900
262060
314410
235540
363970
365670
367520
238370
369990
381210
386360
389300
393530
299360
415270
239140
434170
374320
444090
379720
474750
359550
485510
48000
509220
337000
292030
307780
544920
489830
552500
558100
578080
588430
588650
219640
506540
630100
386180
648430
657200
698780
435150
504370
611500
813820
570940
304390
555440
449960
1046930
