4000
550
24960
33930
7520
21100
55100
620
96000
105600
20920
55150
55230
41070
67370
204880
204340
209080
49520
217490
200710
218680
1930
17080
51100
99900
104700
109600
203290
206210
208090
212070
218230
230410
236390
238960
209870
214420
248570
265630
271290
202090
206500
224260
253710
225260
225420
44350
210770
234650
65930
215530
214950
218620
206420
219640
238430
209000
261110
263060
226840
268870
270150
270550
270850
271570
271590
244450
273110
222880
278360
48700
48720
280140
281920
285800
286570
286940
288060
292910
293540
20510
298240
301520
304050
304930
238090
306830
312990
227940
314410
265590
222900
200110
318600
319050
250400
232890
241930
238320
261640
17570
274940
730
333930
334210
325610
335330
2400
349700
35450
255710
354500
494710
355180
355840
344760
235540
45770
232090
248610
364470
28000
238370
322330
382490
252950
386070
389570
391460
391720
395170
360170
365450
299360
410110
236110
280790
225540
418180
427270
359550
239140
433850
364360
444090
468250
471330
383180
486310
302670
491950
34030
273350
402570
508530
511470
513000
513560
475150
324810
530700
534500
550650
249050
558100
447040
563560
436520
578310
208140
447820
588430
511800
503350
506540
619910
572520
628850
629760
418460
204300
666220
674940
233130
255520
251950
15700
450860
734580
735360
466240
480430
755790
231430
368230
795100
34270
228200
99300
209670
804320
203770
232050
863550
439190
490220
304390
437220
510840
893520
638070
343710
1046930
219830
