17300
17330
13210
17470
17450
41700
10680
43110
33910
33930
22490
55230
108710
20920
91310
115320
50650
217490
57700
208480
4500
72850
230410
223710
224580
227100
203160
233270
242760
220240
251570
209160
209170
233130
255520
263280
264710
9200
267920
550
271590
239160
287390
20510
238010
265550
214490
239140
238320
324800
10
80
240
730
329430
355840
234140
403040
421020
431960
441870
374320
377160
480490
337000
292030
307780
550650
552100
447040
422870
621060
635260
735360
319830
359550
623990
304390
840140
852110
562260
920490
967250
44350
