4000
8000
409710
550
24980
43110
8190
46410
21090
21110
21120
50300
55100
70000
91200
105600
2400
67370
201700
104900
91310
49520
7510
219150
223470
57690
219780
1930
214510
11020
6370
13140
38830
47410
99900
104700
107900
113400
113420
201210
203290
208030
208090
212800
213650
218230
219340
230410
234310
238070
238960
243870
263500
3483
39000
107400
209870
218330
223710
232450
233630
234330
239660
248570
250420
250600
251670
262410
265630
269390
271290
291150
202090
206500
224260
235340
239220
241640
246280
253710
257730
44350
225600
234650
35450
72850
244590
218620
222880
251570
253410
253900
253980
254000
254040
254060
261180
262280
263060
266430
211820
267920
268240
268870
270370
270850
271590
272060
57300
239200
274900
275470
275490
277870
283290
283370
283430
284950
351030
285580
285840
286690
290730
290830
291210
291550
292620
293560
293840
294160
295930
297020
298240
298260
299260
299460
301520
302830
303390
304050
304930
305260
307070
311690
291480
244630
312990
9880
227940
313020
314250
265590
315640
222900
317360
317380
317470
200110
48900
258160
318100
318600
297210
321040
17580
312150
41300
323370
238590
324800
327640
328060
261640
329110
329380
330760
17570
331470
730
333930
335240
335330
336040
223630
277950
338000
339120
340540
341190
341720
342570
342980
316390
343330
343360
343630
345580
346120
346250
346290
346330
346900
342480
346370
349480
349700
351470
351570
353360
354500
354510
494710
351140
355070
355180
354240
356670
297130
359800
361630
320590
365720
365670
366440
28000
322330
373330
374570
377330
382490
386360
391270
391460
391720
391780
253030
393410
392450
399660
400370
234140
365450
412400
413850
458260
414530
417860
434570
244930
440730
374320
444090
445750
447850
450390
461560
461910
475550
496920
273350
505730
402570
397060
521200
292030
525780
324810
529110
530700
546390
489830
550650
563560
436520
570840
626680
236150
643270
204300
650700
17500
671720
698780
700330
22350
15700
723780
744400
504370
755790
763410
368230
773920
794600
796910
252490
359550
813820
823130
513780
839560
203770
844870
544920
439190
209080
608800
611500
334210
884660
582010
921060
921590
304390
489520
343710
275390
