4000
29800
1250
70000
91200
92100
105600
96100
205790
108200
206690
105800
204180
217490
219640
1930
55230
99900
230410
248570
218620
252950
253650
253900
253980
254060
224860
259780
252150
263980
271590
271640
271860
222880
274560
278970
284950
351030
286360
291010
293180
296050
238460
299460
301750
303390
304930
306040
306350
314020
314450
277950
322170
323850
238320
261640
331470
10
80
100
240
730
333740
335300
338180
340070
340310
341310
341500
344040
344910
307780
347560
348020
351470
351490
355150
363490
363970
364470
366890
370510
371670
375510
377290
377310
382120
383330
383580
391070
391420
396160
397500
398710
399430
399790
400250
403560
403900
405610
407230
410210
412600
416080
417860
418070
414070
428950
239140
429700
431560
431710
431960
433210
434420
438100
438180
439250
440760
444090
444260
449200
449680
451880
454200
461140
463050
466840
469730
473560
477160
485330
487220
493650
493700
493710
497050
499420
502140
508290
509110
512640
513780
514970
515470
515690
521230
528510
540020
542340
489520
545700
546980
546990
550650
554530
555930
557680
576440
585420
586620
588430
607260
323580
233130
15700
734580
755790
823130
845070
304390
1046930
