10
70
240
4000
2990
220
380
400
17390
17470
17410
29800
1250
6020
550
8190
35140
22490
47870
620
104200
105600
48000
55230
41070
204340
110800
20920
207610
50300
214340
108710
202750
200260
219150
219640
223470
203140
220440
208090
230410
236390
238960
223710
265630
203160
34870
8870
210770
228300
218620
206420
22180
209000
265930
271590
273110
274170
274190
222880
251570
239160
281920
282660
286690
286940
287390
233290
290930
291010
238460
301520
304050
304930
307230
314020
317250
313340
320300
321040
250400
322170
221040
307690
238320
331470
274940
730
305620
333930
338180
348020
352520
275100
357290
232090
363970
371670
274560
380020
381210
386360
291550
394540
395170
391260
397500
407230
405610
418270
429700
391220
434570
244930
441870
444090
448780
459820
462030
462780
223100
50130
485580
273350
319630
508900
509220
526740
533300
566220
489520
582500
588430
602890
386180
657770
666220
239140
466240
795040
802200
359550
813820
611500
