70100
211050
253900
253980
252150
287120
292570
293180
293320
303390
306410
312640
330000
331790
332780
340650
341160
343360
344130
346210
346320
347560
348450
348870
348960
357770
357900
358080
338530
360850
360890
363490
365310
366760
368990
371210
371330
375010
375510
377310
375850
382120
383330
383580
385070
385080
385270
388050
388390
388160
389400
389700
390570
390880
390970
391070
391300
391310
391560
391660
399090
399430
400240
400250
400370
400740
400790
403560
403570
403900
404630
397940
410210
411740
412170
412600
414290
415960
416610
418070
418160
418610
421060
422100
423710
424000
428630
428950
430080
431990
432280
432470
434010
434890
435140
438010
438030
438180
444410
444480
445170
447970
448070
448250
448470
448640
448350
448940
449200
449520
449530
449680
449760
449940
451350
451830
451880
453670
453820
454040
454080
454200
454870
454890
454930
455710
457710
457820
458600
459100
461880
461890
462200
462030
463050
463110
463210
463220
464760
466840
466890
467000
467010
467370
467390
467310
469730
470270
471910
473140
473470
473560
473710
473730
473810
474050
475220
476480
477180
480480
482890
485310
485330
485350
485410
485490
485500
485560
485570
486150
486820
487180
487220
487270
487370
487530
489220
491080
491260
491650
492130
493280
493650
493700
493710
493730
493760
495740
496500
496750
496870
497050
497350
497590
498660
499420
499960
486480
501920
501930
502090
502140
502910
503820
505760
506670
508290
508760
509000
509110
511340
510220
512450
512640
513530
513570
513630
513780
514970
515470
515690
515910
517010
518100
518800
521230
521830
521980
522570
524340
525290
526460
526740
527480
527540
527550
527760
527770
527790
528080
528510
529240
530540
533620
533820
533860
535760
536340
536410
537360
537700
538590
539350
539460
540020
540640
540900
541100
541370
537860
542340
542430
543170
543770
543790
543650
545150
545280
545470
545590
545700
546340
546400
546700
546980
546990
547960
548710
551550
552780
554530
555260
555430
555670
555920
555930
555940
556110
556120
556160
557680
557830
558620
558810
558610
562240
562270
562430
562490
562520
562600
562640
562760
563120
566220
565860
565340
567170
567250
567680
569490
569760
569840
571910
422870
574030
574580
574640
574810
574820
575490
575630
575680
575750
575760
575770
575780
575860
575870
575920
576130
576440
576470
576540
576660
576740
576750
577760
578250
578260
579230
581000
581200
581470
581610
581640
581670
581700
581720
581800
581820
581980
582280
582430
582580
583660
585360
585550
585560
585790
585860
586090
586130
586380
586470
586520
586620
587050
587590
588420
590420
351940
591560
593290
594720
595440
595780
596170
596590
596690
600450
601280
601340
601640
602890
603150
603290
603370
603570
603750
604780
604810
604830
605520
605530
605910
606050
606330
607270
607440
608390
608560
608830
498320
610130
610670
610780
613250
600210
617240
618030
618120
619400
619520
619740
620240
621150
625950
627950
628340
628750
628760
628840
628860
629380
631530
633350
635000
635880
636370
638680
641780
236150
218620
659460
304930
233130
368420
113020
15700
308040
608990
368230
319830
209670
265590
644670
203770
845070
232050
286570
270550
863550
439190
490220
209080
334210
391720
365450
222880
348670
722670
304390
730
96000
491950
402390
510840
638070
395170
680780
231430
204880
278360
343710
370910
