4000
550
47000
40800
620
72200
105600
10
240
730
204360
219640
201790
227300
208090
230410
236390
238960
240320
39000
223710
343450
246280
253710
242760
224540
220240
248820
218620
252330
252490
253900
234670
242050
260750
260770
242700
211820
367540
269210
224480
222880
278970
246620
282660
274190
219740
322330
238460
301520
302830
304050
304930
312530
227940
222900
298110
289650
205790
250400
24240
331470
334230
335300
250900
345520
298630
354140
355840
365450
247080
386360
291550
389300
236110
349040
427520
359550
623990
239140
428900
427730
433850
438100
444090
459820
381210
491130
496920
273350
513510
444200
578080
586090
632360
236150
204300
386180
674940
700330
466240
480430
504370
813820
871720
611500
879160
304390
43110
555440
1046930
