4000
2300
400
20900
500
12210
1250
20500
10180
10190
550
24960
8190
50130
33930
42650
22490
40800
42910
70000
620
105600
55110
21100
55150
96100
111600
24240
113200
55230
41070
201700
20920
104900
212580
213120
217490
204360
10090
202970
202990
212910
200170
219640
223470
222980
4570
17080
51100
208090
230410
236390
272350
223710
248570
265630
271290
224260
226320
224580
221040
232770
210770
72850
242760
224540
91310
216250
220240
214950
248350
218620
206420
252950
255320
213670
257750
242050
264710
265930
211820
218640
271590
273110
274190
251570
281990
286690
286810
287390
287700
267550
293540
238460
219910
301520
302830
243470
304050
304930
238090
308580
312530
312990
227940
317360
233720
238320
274940
10
80
240
730
337320
252490
346900
348020
355840
356640
359800
322330
380600
389220
45740
389570
402330
403570
405310
299360
280790
225540
417860
359550
428690
432020
434730
437920
438100
244930
444090
107410
365590
449540
455640
379720
377160
34330
443080
273350
521570
292030
539720
578080
588430
605500
619910
233130
255520
700330
113020
466240
582160
745330
231430
823130
393380
222880
601150
