10
80
300
30
60
70
220
240
280
4000
400
17430
17410
550
24960
8930
47870
620
92100
205790
204300
204360
217490
217980
219640
223470
214510
227300
109600
208090
230410
236390
238960
262410
224220
232770
234650
222730
210770
241600
242760
248820
218620
251310
252950
253920
254060
265930
211820
268910
269210
271590
273110
222880
281920
286690
287390
292910
238460
301520
302830
304050
304930
224600
313830
317380
317400
200110
312150
323850
328060
331360
331470
730
219740
322330
340070
316390
346110
407530
346120
351150
39120
355150
355840
360380
360640
363970
364420
364470
366890
376570
377480
380020
382120
385270
385770
388120
389300
389570
391260
397500
399130
298630
388060
236110
233720
327890
414290
414730
414070
427520
359550
431960
434010
434420
436150
438100
439250
244930
444090
444640
446270
448660
448780
457140
377160
482120
273350
512470
524340
539730
542970
542972
542974
555570
489520
575460
578080
578250
586960
588430
588650
594960
596170
604490
607260
572520
386180
685420
698780
22350
466240
756880
611500
365450
583950
285800
1046930
