4000
17390
40400
22490
96000
105600
46500
17710
67370
214340
218510
49520
7510
215930
224900
105000
227300
230410
236390
265630
225260
227860
210770
230820
234650
218820
218620
239820
206420
251570
253960
254080
254100
255300
224860
213670
259320
261110
252150
263720
211820
221100
269710
57300
239200
275490
275530
278360
239160
281750
282660
284710
286570
288160
304050
265590
321040
323190
236850
261640
15700
730
334210
334260
2400
347040
361420
363600
366910
332790
371520
322330
373180
374240
345180
291550
392280
395170
407000
423550
425580
239140
429620
430190
431960
391220
440540
444090
596350
449300
449680
450850
438480
539720
562360
636150
456750
462030
463760
473710
485440
485450
508900
512300
533300
550650
558620
562220
562640
566160
569800
569810
575640
578080
208140
351940
591420
603030
209080
610360
617670
618140
619220
625430
634230
645090
386180
648800
658560
304930
739980
799070
252490
805940
810670
813820
433850
863550
884660
914690
967250
1046930
