10
40
60
80
100
20
50
70
130
220
240
280
360
320
380
2500
4000
2200
2310
2320
2330
2340
9030
9040
2360
2370
2390
9060
7670
409710
420
11420
11200
12160
12900
13250
13240
13200
13230
13210
15100
20900
22000
16730
17460
17430
9480
17410
22120
22140
22180
26800
500
1930
7860
33100
33110
33120
33130
33910
22330
22320
10130
11390
39800
41500
550
33180
22370
37000
24980
10680
33230
8190
49600
43110
21090
21110
34270
42640
34010
33680
21130
58400
45740
57300
70300
41000
41010
41050
41060
227780
564310
42700
8980
729040
67000
63700
40800
47870
9010
45500
99810
400
49810
63710
92800
71250
70000
620
91200
105600
46500
46510
21100
105300
11280
17470
47780
3270
39530
39560
65560
96100
48000
28050
41070
111600
35450
236830
42680
42690
24240
45770
35700
113200
71340
201480
39160
39190
39200
72850
55230
15560
201570
1250
6100
239430
3830
70100
3300
3310
3340
3360
3380
3410
3420
3440
3450
3490
3590
3600
3610
3620
78000
10220
204880
204340
67370
22490
203810
520720
205690
205870
206760
102600
206610
20920
12260
204100
210350
209830
207610
207250
104900
211600
211740
211010
50300
91310
96300
55150
108710
202750
65800
201790
20500
20530
20550
55110
667720
207750
211420
730
202170
215510
200510
214790
204300
218640
212680
204360
214870
215060
49520
217490
200710
220860
7510
91600
219150
204630
208200
211400
218740
223470
219740
322330
220780
213610
222980
224420
2300
220700
227580
35720
219890
57690
223710
286100
21690
221040
225260
220440
229520
8870
230050
232770
233510
233530
217200
225140
223450
228440
44350
113020
228300
233230
233270
238210
210770
222480
209160
209170
236090
241600
206420
242760
233250
243120
243220
243280
217140
239800
39140
238240
244710
12100
12110
12210
225160
224540
220240
234390
229580
248310
248650
239350
236450
249630
238320
239200
250320
250380
237740
228560
250900
226720
251150
251570
252330
252630
253230
253330
253430
253650
253900
253920
253980
254060
231330
409720
247660
219990
233130
255520
213670
258200
235800
238010
221910
238430
261030
261110
261180
246580
261490
261570
262280
262830
263880
219830
215530
265690
265930
266230
9200
211820
226840
267530
248490
221100
268870
269210
235460
254460
272620
273110
274170
274190
222880
274520
275490
225840
277870
278360
239160
281920
282140
283290
283310
283390
227100
247910
254700
285580
285840
286040
286570
286660
287100
287120
287700
233290
290770
290890
291290
294140
201810
294860
295930
296050
296910
238460
299460
299950
300220
239120
65790
302850
303210
303390
304430
304530
304930
305380
238090
250400
38410
63380
307070
307350
263060
311340
260230
311690
223490
312840
312990
314410
247080
315430
317360
318430
318600
319180
292120
321150
214490
322170
312750
322500
241540
226560
323630
297120
327060
209650
308420
330390
330830
331440
331470
218620
282070
203830
214340
219910
220740
230820
241910
243200
255280
255320
268540
335670
277950
257510
338050
339800
340520
341940
343710
301640
239140
345820
301910
287290
291650
352520
350080
354900
235540
356570
356670
306130
357280
261640
358090
232090
361190
361300
362680
362890
248610
364470
365300
369990
292030
372780
374570
375480
380580
383150
383180
384090
384110
383870
385710
385770
385830
290340
388080
388880
391270
391540
391720
253030
394760
394970
396350
225540
397550
397680
399270
400250
401680
402120
234140
365450
405640
15700
405950
363890
409100
410110
412140
413150
413410
415030
416600
417860
423590
422970
371660
427190
270880
210970
428830
434460
434650
435400
439190
205230
4720
203750
99300
402260
448370
452060
457440
464060
466500
377160
379720
471010
471330
474960
475150
475550
480490
481510
50130
487720
879420
361230
496690
499890
501300
505230
509220
464340
512900
513230
514900
337000
523650
324800
530330
530620
542350
542660
543260
546220
489830
552500
737010
292730
252850
562860
501590
569860
575820
577690
463150
581270
470210
588430
588650
593280
595140
597700
603100
612880
219640
489520
618740
442780
635880
638800
236150
643870
217980
403640
673130
677160
282010
505170
700330
368420
493900
731490
368230
319830
488790
797470
228200
209670
265590
290060
552520
513780
312670
203770
847370
232050
857980
611500
883710
638970
304390
961440
395170
449960
519860
308600
1010750
285800
548570
379430
