4000
22300
3590
24840
550
24960
8190
31280
47780
620
104200
92100
96100
41070
210350
201700
204180
108800
91310
98400
10
240
730
217490
10090
202970
202990
212910
219150
219640
55230
204100
208480
72850
38830
208090
230410
236390
214420
262410
265630
271290
203160
35720
244850
220240
235600
252490
270550
271590
228380
272860
222880
274560
251570
246620
291010
20510
295110
433850
300380
302830
304930
227940
323720
24240
331470
218620
282070
215470
319630
340070
347430
347560
349500
326180
326190
355970
366890
369580
370510
322330
381210
391260
391460
412600
432020
424280
444090
461140
463350
359550
508670
292030
533300
550650
553790
578080
645090
657200
554620
304390
231430
