50
70
220
340
360
380
4000
420
550
620
49520
238070
209870
223710
262410
265630
224260
218620
253230
272060
273110
225840
298260
301640
302830
224600
17580
261640
354500
494710
355180
365300
1250
385770
291550
391460
400040
400240
280790
417860
438100
444090
508900
550650
552990
560380
302590
436520
438740
591740
632730
643270
657200
17500
679990
698780
700330
711810
734580
734910
738060
215830
755770
755790
466940
773920
795100
809960
843890
858060
863550
871720
909080
730
491950
893520
1045050
