10
2990
6220
12210
40400
204880
33100
207610
227300
11020
225260
210770
234650
65930
252950
261110
261180
252150
263060
268870
271570
57300
280140
283880
285070
285090
286570
288060
292370
294020
301520
306350
313160
265590
318600
320300
325090
730
340320
395170
400370
365450
414580
417430
244930
448070
475220
487270
491950
498660
508530
526790
530700
489520
546400
529760
550650
351940
218620
304930
15700
466240
804320
236870
513780
203770
232050
270550
439190
490220
209080
334210
391720
440650
769920
222880
304390
96000
402390
510840
638070
231430
308600
