4000
2300
1250
550
47870
42910
71250
620
104200
92100
105600
24240
71340
212480
102700
109600
224220
218620
222880
233130
255520
265930
211820
273110
34830
34870
283060
292380
304930
280680
314450
10
240
730
333930
335300
341310
349500
354500
354550
365670
366890
385800
389300
391260
391460
397500
399790
401190
298630
388060
407230
417860
420530
431730
431960
434420
435060
438100
34270
205230
444090
459820
461640
462960
463350
48000
489830
496550
533300
545100
550650
555150
607380
608270
9480
879160
1046930
