4000
8930
12210
42910
620
105600
200110
205790
204340
113200
211420
10
80
240
730
219640
109600
207230
230410
236390
238960
272350
223710
238320
244050
550
271590
222900
287700
297000
35450
236830
202090
8600
8660
217490
220440
236850
261640
24240
2400
219150
274170
345520
346120
346900
335300
355840
363970
367520
238370
6000
6020
6060
32430
32500
381210
384190
386360
399810
403740
415270
349040
236870
374320
477160
292030
324800
530620
552520
418370
578080
588650
629760
631510
641990
643270
218620
671510
323580
684410
435150
718590
368230
768750
611500
814380
570940
845070
909080
601150
961440
583950
976310
883710
359550
1046930
