12210
7510
24960
70110
93200
96100
24240
22490
20920
204180
730
219640
220240
51100
99900
203290
230410
236390
265630
271290
224260
224220
33730
72850
242860
233250
248530
218620
251910
253980
236510
263980
266010
221100
267980
550
273110
278970
285030
291010
292410
293180
294230
299460
286690
287390
302830
303390
304050
306410
307230
310380
312990
313020
314020
315430
222900
293500
331470
277950
339470
316390
343360
344040
341500
355840
357900
363970
368360
219740
322330
375460
377290
378100
381210
383080
385770
396160
398680
400240
414290
428430
434610
437090
449680
489830
550650
558610
588430
615050
304930
884660
