4000
22370
22380
105600
200710
200170
109600
200210
201230
208090
212500
218130
230410
238960
258700
39120
209870
224260
219740
322330
242760
244590
252490
252950
49520
242860
219990
8930
273110
290140
291550
293560
295110
433850
238460
300040
301520
304050
224600
227700
311690
291480
313160
268420
227940
319150
323850
241930
238590
326360
327690
261640
329380
730
209650
209660
333930
250900
344190
346900
307780
349720
355180
326460
306130
248610
363970
372000
376570
377160
380840
382490
386940
317820
393980
396280
397900
402840
236110
280790
417860
427270
431240
244930
444640
452780
393380
470220
482120
442080
504300
516510
292730
393100
533200
550470
550650
560380
564710
578080
212740
588430
600120
511800
616110
9480
632360
218620
304930
22350
711810
435150
504370
773920
884660
1046930
