220
340
400
20900
22300
17390
22340
6020
40300
17450
550
37010
21130
8930
39500
39510
65540
8980
22490
47780
42910
98100
42140
205790
20920
207610
91310
50650
200510
1930
7520
7530
24980
227300
72850
230410
236390
238960
240320
272350
253710
225260
203160
43160
44350
210770
219740
322330
65930
70600
242760
242920
237110
218620
235600
252490
107410
234670
219990
213670
242050
217490
200260
261110
264710
265930
211820
221100
247000
271590
57300
273110
251570
225840
239160
236430
287680
288470
290080
295110
433850
299740
304050
304930
311690
312990
227940
249230
321800
21690
220440
242640
232890
241930
239140
238320
24240
329380
730
305620
282070
333930
316390
346110
291650
255710
355840
1250
232090
248610
368360
369990
292030
377160
380600
381210
393420
234140
405010
233720
327890
411300
413150
415270
420290
268500
427270
359550
438100
437220
443810
444090
365590
466560
475150
48000
495890
504370
507010
361300
513710
516750
541180
552500
562010
489520
578080
578310
588430
588690
593600
222880
599140
613100
629760
644560
386180
648800
240720
704850
307780
755790
231430
766570
379430
805940
813820
819500
823130
858590
611500
884660
304390
583950
967250
1046930
