320
4000
105600
55230
102840
207610
221640
99900
104700
200210
207230
208090
212800
238960
214420
248570
265630
271290
202090
206500
224260
210770
252490
263060
264200
244870
271570
273110
225840
286940
293260
293540
41060
227780
301520
302830
304050
304930
311690
312990
269210
317250
317470
323850
238320
10
240
730
335240
316390
346330
346900
354500
354510
354540
494710
351140
355180
360760
363460
363970
322330
380840
382490
383080
385770
291550
389570
391460
397900
402840
299360
98400
280790
429790
424280
438100
444090
444640
446150
446270
459820
462930
485310
485650
513560
520860
521930
522570
324810
530700
545650
547680
550650
550900
554530
555570
555750
557780
558610
562010
564710
436520
489520
578310
588430
589870
594960
596650
370770
511800
612020
630100
204300
646820
386180
649900
218620
652980
656070
666220
669580
674940
675630
323580
698780
711810
723780
726390
728730
734580
734750
735570
215830
504370
757240
763410
795100
844870
869760
365450
1046930
