4000
20900
1250
39800
50300
3830
67370
207610
214340
108710
220820
219780
227300
109600
218230
230410
236390
238960
224260
232010
44350
234650
252150
263060
226840
268870
550
273110
278360
279720
286040
286570
294040
294230
41060
304930
227940
206420
318600
238320
24240
347560
355180
363490
364470
365300
223470
381140
383330
406090
410210
418070
438180
444090
449540
462200
466840
485330
489220
491950
493700
496750
497050
499420
273350
502140
407840
519190
521230
540020
540900
547960
554530
444200
555570
557680
576560
351940
619400
675150
678550
386180
218620
323580
233130
368420
788260
209670
813820
730
231430
489520
