4000
550
620
55230
17080
113400
206210
208090
230410
238960
214420
271290
224260
252490
252950
251570
293540
298240
301520
304050
304930
227940
327690
274940
332070
335240
355840
359050
322330
380840
386360
291550
299360
236110
431960
424280
434650
438040
438100
244930
264120
444090
381210
273350
520860
324810
530700
550650
444200
562010
566220
578310
588430
375230
589870
370770
511800
607200
506540
559460
204300
386180
218620
667890
700330
22350
466240
504370
755790
763410
368230
795580
804320
823130
804810
544920
863550
730
530630
489520
1046930
