10
80
100
220
340
240
1520
4000
2310
2200
2320
2340
2350
9030
9040
7670
409710
12140
320
12900
20
50
70
130
380
420
500
18300
16450
18500
17480
24740
18700
1250
3590
15520
24800
550
10180
24790
24810
31410
3730
38700
10680
47700
24960
49600
17410
22600
70100
67000
63700
31280
40800
38720
90800
42910
400
620
45450
63710
70000
91900
321040
96000
72200
91200
92100
94200
21090
21110
20920
21100
55150
96100
48000
2210
38740
107200
8140
24240
113200
3830
9200
107600
204880
108710
208090
207610
204180
35140
207750
209080
730
211260
49520
205060
200170
220820
218680
222140
221640
2280
43110
205070
204080
225260
217200
8870
210770
224760
234710
234650
65930
235720
233250
24420
39140
239450
225160
47790
251870
253230
236450
245170
22180
235800
242700
212480
200260
261030
261110
263060
263300
263980
39150
226840
268320
268870
268910
269790
12120
12210
271570
57300
239200
273770
274560
225840
277890
278360
213670
282140
282440
282800
282900
283390
285010
351030
285050
285070
285090
285130
285800
286260
286570
289090
289760
292370
292410
292570
292620
292910
293180
294860
295690
297020
298600
299460
8980
301480
303390
304430
306040
306410
307070
310080
313740
314020
314450
265590
206420
277950
315430
318600
319830
321150
321400
322170
221380
214490
238320
327410
261640
333740
334070
339160
339800
341310
341500
342380
343360
344040
344130
344300
345120
345220
346950
347430
347560
348950
351470
350810
409720
357780
232090
362610
364270
368180
368720
368990
369200
219740
370090
370100
372540
375200
375460
377310
377680
378100
381140
381210
382120
382300
383080
383580
384190
383870
385800
391720
250180
312610
366250
397570
399430
399790
400240
400370
402180
365450
15700
405820
407230
407980
388410
462780
410710
412600
414580
416170
416310
416350
418070
414070
420740
421700
422100
424830
426000
428430
428950
431710
431960
433910
433950
434250
434610
436300
438100
438180
440760
34270
205950
443940
447850
449220
449680
448070
453980
454200
370770
462030
462960
464760
467090
467370
475220
477290
485310
485330
486360
486820
487220
487430
489220
484950
491950
495890
498660
273350
503820
504980
514310
517000
521500
526790
537360
539670
541370
489520
546400
529760
554530
252950
252850
562270
575490
575510
463150
578600
581520
582280
586380
351940
607270
498320
219640
628760
635880
236150
305050
218620
665180
323580
698780
233130
700330
368420
113020
308040
231430
209670
513780
203770
232050
439190
921590
696370
304390
402390
958260
510840
961440
638070
395170
308600
343710
780800
