400
29800
3590
35700
34900
39800
35000
23490
17450
550
49600
43110
8930
41730
31280
72400
40800
42910
620
104200
92100
91600
55150
96100
107100
204030
22490
108710
20920
41500
200710
204180
91310
214340
201790
211420
209080
49520
217490
204360
219640
222140
109600
208090
230410
250600
227220
225260
203160
224220
210770
219740
322330
228300
234710
234650
222730
72850
35720
216250
218620
252670
253650
219990
262060
263980
264200
215530
265330
266010
226840
269670
270450
251970
200510
278360
239160
285160
285500
286810
288160
288470
289090
290730
291010
293180
294230
296490
299720
301150
302610
307230
311080
313020
314020
314450
315430
315920
222900
265300
318430
319550
319910
238320
326180
326190
24240
329110
330760
240
730
340070
341310
341500
342580
344910
346630
346900
347430
349550
351470
351490
353550
39120
306130
357480
360380
360640
360650
361190
303390
363970
364690
365670
366890
238370
368990
369370
370510
371440
375460
380360
382120
384980
290340
306040
355150
391070
391720
391420
392950
393530
394700
394870
396800
398710
399790
402840
403900
404790
407230
407300
408110
409380
410110
230230
373420
416080
418110
418610
421810
425580
371330
390570
428900
429680
431560
431640
391220
434730
384490
440740
440760
444090
448000
448560
448660
448780
460340
461520
463550
467390
482120
482300
485490
485950
48000
491330
502240
319630
509220
521920
526290
528080
530330
533300
541380
543770
489830
551110
556010
557400
562050
562220
567800
575640
576050
581970
585690
585950
588430
591420
596650
603190
610080
610360
629910
645090
704040
758530
368230
1046930
