50
130
240
360
320
340
380
4000
8000
9050
2310
2320
2330
2340
9040
220
420
13250
13240
13210
15120
17300
17330
17340
500
17410
24740
1250
9870
6060
32360
38430
24860
550
10180
8980
24790
41300
32430
3730
46000
24960
41700
10680
43110
8190
35140
400
41000
41010
32460
9500
24420
40720
70400
31280
57300
70300
35130
32500
12210
12220
38720
57650
99810
620
97100
57900
45760
28050
105600
91700
21100
41210
2210
2270
2300
9000
9010
9060
22310
22320
22350
22380
22450
72850
9200
41070
24240
42680
113200
55230
203730
202530
203810
108710
108500
207170
204060
209120
203650
205350
108800
204100
213330
97330
50300
211420
202170
205190
730
200260
207210
217690
205270
219150
205100
204630
208200
219640
4920
214870
26900
13520
220240
224540
203160
227300
223850
17080
218230
238070
238960
39000
230700
34270
71340
200940
212480
225140
233720
204450
238210
231160
241600
237110
225160
244030
209000
244210
242530
250180
251630
251730
252350
252950
253470
233130
255520
213670
238010
221910
249130
262060
264710
39150
211820
268400
268850
269650
270370
235460
224480
282440
236430
249380
505170
288140
290930
261510
293780
294100
201810
299030
302710
304930
305380
310560
311340
312370
244630
247080
317040
319480
321370
209650
209660
214490
341800
341940
350080
271590
359870
362890
366250
377160
208650
234140
337000
401680
405820
405830
272890
420060
429180
434050
374320
448850
458960
379670
464060
379720
338400
485510
503400
298900
292030
324800
306130
480490
554510
460920
438740
588650
612880
637650
648350
668980
695290
584400
726590
552520
883710
921590
611500
961440
1010750
548570
