20
50
70
220
320
360
380
4000
420
15710
1250
6000
550
41000
564310
22370
31280
620
115320
98400
35140
217980
201790
55230
11020
17080
51100
104700
113400
208090
218230
230410
236390
272350
286080
209870
223710
271290
206500
224260
226320
234710
220240
218620
253530
254300
49520
217490
221910
270370
273110
225840
282440
286940
287840
289620
290930
301520
304050
304930
224600
215080
244630
312990
313240
206420
317360
317400
261640
238010
307690
327690
329790
331470
10
80
100
240
730
333930
337950
316390
349700
351570
355180
355840
8850
409720
356420
232090
360760
320590
362890
365300
365670
298180
322330
238370
376570
257400
377590
386360
393360
407250
319510
332800
354140
388090
506610
280790
427270
438100
235460
444090
203750
491130
273350
530700
287700
311340
542660
550650
444200
563560
6060
436520
588430
591740
607200
609940
506540
630100
632730
386180
394230
665180
665490
666220
17500
678800
679990
584400
22350
714070
723780
738060
270880
215830
785130
797470
543900
813820
611500
921060
43110
984110
489520
227300
278360
