9480
17460
29800
10150
34900
15520
3730
21090
41010
38600
7520
72400
70000
104200
92100
107310
96100
48000
24240
71340
205790
67370
80340
80350
80360
40390
104900
204180
115320
200510
204300
202970
202990
212910
1930
55230
213610
223470
102600
212480
17080
99900
104700
200210
207230
208090
230410
238960
240320
263500
232770
232050
222480
228300
224060
237570
225360
225160
91310
216250
220
240
300
400
550
730
252170
253900
253920
253980
254060
234670
238910
257830
258090
260750
263060
263980
264140
264280
264710
265330
267920
268240
218640
269210
269890
270550
271820
271860
273110
222880
275490
277680
278360
278460
246620
282800
283370
283390
283430
283880
233290
267550
292410
292620
293540
295690
243930
298160
299260
299460
301150
287390
301480
303390
306040
250400
307230
280740
311860
291480
313740
314020
313020
206420
317250
226320
318100
318430
319180
320690
241930
321040
268050
214490
226560
238320
326180
326190
329000
330350
331790
335190
335240
301910
340070
273350
340650
340730
341310
9940
323470
347430
349500
341500
351490
266130
310890
353070
355150
255710
360640
363790
364270
365020
364690
332790
375510
377290
385070
385800
364050
391260
391740
391420
396790
397500
399790
400250
264300
234140
403900
405610
406080
407230
407300
409420
50620
388410
462780
411180
411181
412170
413859
416080
418070
423710
428430
430020
433340
434260
434420
440760
34270
444090
448440
448640
449540
449960
457820
461140
461490
462960
467000
379720
469730
473810
474750
479260
485490
485580
489360
489470
492430
508190
508670
508900
509840
512740
514660
539750
541570
562220
566160
575550
575640
591420
601510
635730
639780
639790
645090
386180
763540
368230
799070
209670
802200
851000
