6220
550
72400
104200
41070
204340
20920
204180
208090
230410
240320
271290
238910
247000
242050
265930
281920
291010
297020
351030
299460
203140
205930
301750
304930
306040
306410
227940
314020
313830
206420
317250
321040
10
80
730
331790
218620
215470
334560
338540
339470
341090
341120
343360
344910
346630
347560
349500
351150
353550
355150
7670
8870
409710
409720
356640
357900
360640
364690
366890
368750
370090
371670
274560
383330
383930
388420
391070
391740
391420
394130
400250
410210
416080
422100
422250
429700
434250
444090
444220
451880
461910
463050
463350
466730
466840
477290
485580
487220
491080
273350
508670
539450
550650
562270
562520
489520
575490
576440
813820
433850
1046930
