4000
20900
17410
47870
50300
55150
72850
41070
204030
67370
20920
104900
49520
217490
51100
109600
113400
207230
211500
212070
230410
236390
240320
248570
265630
226320
225260
220440
43160
44350
210770
228300
65930
91310
216250
10
220
240
300
550
620
730
220240
218620
253920
261110
242700
268420
271590
244450
222880
286570
286940
290650
296510
303390
304930
224600
227940
206420
317360
203160
221380
40970
232890
261640
330390
332070
333930
349700
287290
39120
356640
360760
364690
365670
322330
292030
385270
389300
287700
391460
397900
299360
412130
413850
413859
427270
239140
431960
438030
444090
8980
729040
365590
475150
223100
488440
48000
273350
312660
307780
534500
562760
563560
436520
593880
630100
691020
698780
607890
504370
231430
626690
638650
265590
637650
810670
813820
433850
844870
544920
611500
63500
304390
961440
343710
761890
