10
300
70
240
320
4000
6860
220
400
17410
24720
550
24960
8190
47870
620
105600
33910
33930
24240
3830
204180
209080
220200
204360
219150
55230
214510
227300
113400
208090
236390
221200
250420
262410
224580
225260
44350
210770
3910
65930
242760
218620
206420
219640
252490
252950
261110
217100
242700
263060
264710
265930
268870
270850
271590
273110
222880
239160
286940
298240
203140
205930
301520
302830
263280
243470
304930
238090
306040
250400
8980
49520
217490
227940
265590
205790
321040
322170
323850
238320
261640
274940
730
282070
333930
274170
348020
298630
355180
255710
355840
12210
361300
363970
364230
364470
218640
296830
322330
381210
385800
386880
386940
390970
391460
391720
299360
233720
327890
412130
413150
413850
585281
414070
427730
433850
434570
438100
244930
441870
444090
8930
457330
477160
502940
402570
509220
524340
527450
40980
307780
542340
550650
552990
530700
563560
578080
578310
208140
586530
588430
591960
306130
506540
620240
386180
657200
666220
675010
240720
629520
504370
755790
231430
368230
359550
209670
813820
823130
884660
365450
437220
1046930
