10
80
300
220
240
4000
4500
400
500
12210
1250
550
41700
33680
620
55150
24240
12110
21090
21100
41070
564310
204880
50300
49520
217490
223470
214510
212070
230410
236390
262410
224260
253710
219190
44350
220240
218620
254300
252150
263280
226840
271590
273110
278360
283880
285160
292910
203830
243200
249650
301520
301190
301200
227940
1930
7520
253920
253940
253980
254060
1900
218510
253860
253880
254080
254100
7510
215930
224900
259320
259340
259360
323850
261640
17570
730
333930
346500
348020
351030
351990
355840
357900
362890
368360
322330
372210
372800
382560
386360
291550
387990
388120
390970
360170
402330
402840
406210
299360
340300
340310
371420
341310
396160
399790
407230
418040
423710
371330
390570
431240
431960
434570
438100
438480
244930
440730
442810
444090
444930
447970
448660
448940
449530
450850
455640
462030
485440
485450
486310
488280
491000
495740
495890
496120
500580
319630
506730
508900
509990
511470
512450
513780
521830
526460
526740
527450
530700
533150
533300
533620
539720
546930
550650
553790
554310
444200
562220
562360
562760
563560
566060
566160
566990
422870
574820
575640
575910
575950
576880
578310
585830
227220
587830
588430
588690
589870
351940
591420
601650
602890
603260
603360
608390
610360
610390
614910
617670
618140
636150
640310
643270
643600
645090
386180
650490
654900
655010
656290
656310
658550
658560
664290
674940
304930
684680
685000
689350
691130
693440
695590
702810
709430
709770
710780
713780
715290
719730
341890
729660
450860
734580
743640
745740
754120
608990
765300
766570
769330
771350
319830
776960
783470
785610
795100
799070
805680
806140
810670
818730
827860
828150
828960
833290
841860
843660
843890
857010
857130
858370
860910
862300
863490
863980
865050
867140
897330
611500
222880
696370
304390
654310
510840
967250
730310
43110
638070
395170
231430
826600
308600
285800
343710
266310
331470
252130
282100
275390
1048540
431930
