10
360
2500
4000
20510
18300
22300
29800
22200
33910
10180
10190
550
24980
34190
33930
219540
8930
22490
12210
72400
50300
47890
70000
91600
620
104200
105600
7530
46510
96100
41070
2990
12360
200940
204880
204340
111100
108710
35000
20920
204180
218680
223470
72850
99900
224580
34870
224220
225260
232770
234650
242760
244870
237110
218620
239820
219640
251570
252170
252490
252550
252950
253980
72900
233130
258010
259550
259620
259870
260550
242700
40950
263060
263740
263980
209000
265330
266940
267060
221100
218640
268870
269210
270550
271570
271590
273500
224480
222880
274560
281920
282900
284950
351030
285070
285160
285480
285500
286040
286500
286570
288470
233290
291010
292570
292910
293180
293320
294230
286160
295690
296220
299460
299720
300300
203140
286690
287390
301750
302120
303390
303510
304930
305380
250400
308000
311120
91200
236730
251530
294750
311870
227940
313830
314450
265590
314970
220820
317250
318100
318600
319830
203160
232890
238320
330580
331360
730
333740
282070
319630
339470
340000
340070
340120
340830
341150
341310
341500
341730
342580
343100
343360
344130
344300
344790
344800
344810
344910
345920
346630
346950
347430
347510
347560
348020
349140
349500
349700
287290
351150
353550
350810
356130
357280
357290
357770
357900
359390
359670
360150
360640
360650
360940
360970
361190
361700
361730
361740
361970
362140
363490
363610
363970
364270
316430
357070
366890
368050
370040
370510
332790
351710
371670
322330
292030
373440
374670
375510
377290
378100
378270
380020
380600
327090
382120
383520
383580
386260
388620
388970
313020
364050
306040
314020
355150
391070
391260
391720
391420
394540
394870
395930
396160
396360
396800
397500
398710
398840
399130
399430
399790
400240
400250
365450
402840
403560
403900
404700
405610
405640
406090
407230
407300
409420
410210
411120
412600
280790
225540
415030
416080
416630
418070
414070
420740
422100
422250
422980
423770
92100
351490
360380
428830
428430
428950
429470
429700
431260
431710
434250
434420
434570
434610
434730
437570
437890
438040
311860
329000
331790
340650
385070
385080
391660
412170
412210
412290
416040
423710
438010
438020
438030
444460
444480
444490
447920
448630
448640
453820
454890
457820
463210
463220
467000
467010
473470
486150
491650
513590
533820
563120
576120
576130
587790
591560
606330
438180
438480
439250
440730
440760
443940
444220
444260
446640
447850
447890
447970
448070
448260
448440
448660
448780
448830
448940
449200
449440
449680
453100
453270
453960
454150
454200
455710
456810
457440
457710
461140
461640
462030
462780
462960
463110
463350
463930
466730
466790
466840
467370
467960
468330
469730
473560
473670
473710
473810
474750
474910
475220
476480
477160
482300
50130
485310
485330
485450
485500
485580
485740
485950
486820
487220
488580
489220
489730
491160
491330
494290
495740
496500
498660
500100
486480
501930
503300
503820
504490
508190
508670
509110
509220
509990
511750
512450
514970
515910
518100
518800
289070
522570
524340
526460
528510
528660
307780
533620
537360
540020
542340
542430
543650
545110
489520
545280
546400
529760
547960
554530
555700
556120
562270
567580
567800
438740
422870
575490
575550
575640
575700
576440
576560
578080
578440
581030
581610
582280
584890
586620
586970
587050
588430
351940
591960
600450
601280
603890
498320
610390
610930
598470
618140
635730
639780
644570
657200
658560
668630
686180
686190
695970
368420
712050
712840
720280
450860
735360
739000
745740
504370
241930
755790
231430
236870
368230
496300
34270
228200
203770
232050
863550
878750
927890
304390
963690
967250
583950
308600
285800
343710
1046930
