4000
1250
550
70100
620
227300
230410
236390
34870
218620
251910
252950
254020
254060
254100
259320
259360
263060
263860
222880
279640
293180
303390
304930
306410
306680
321040
321400
238320
331360
274940
730
305620
282070
339610
340820
343360
344040
350810
351030
360940
363970
378100
382120
382300
294040
386360
291550
225540
397900
400240
400250
422100
428430
391220
434570
34270
205230
205950
444090
447940
448070
485610
486360
487220
489220
48000
502400
503820
504490
506500
292030
540900
667890
698780
239140
504370
755790
813820
880510
231430
204880
278360
