240
10
4000
220
400
12210
24740
29800
3590
34900
11390
20500
550
8190
8930
70300
42700
42710
55140
99810
63710
40800
92800
93200
91600
620
104200
105600
42910
22230
96100
200110
3830
110400
72850
41070
4700
65300
22380
205870
205790
203630
208140
214340
730
200510
204300
212680
204360
200710
220740
4920
218740
223470
209190
221640
201790
220700
220090
219890
6370
208090
211500
218230
230410
236390
238960
272350
286080
214420
223390
248570
250600
262410
265630
228260
225420
220200
230700
210770
235250
3910
236730
234190
219990
233980
236090
242820
242880
233250
95000
239450
244850
243950
218820
207140
246420
234390
214770
244590
239070
248310
248820
249650
241240
238320
250760
251570
231310
238910
233130
241910
49520
221910
238430
261640
262060
263280
264140
264340
264690
211820
367540
268750
268850
269210
269770
271290
271670
272470
228380
272860
222880
278460
278570
282440
283230
284160
285130
285440
285900
286160
290930
293760
294100
296070
297290
298600
238460
299720
301480
301520
302010
303390
304050
304930
202090
63380
307430
308000
310560
311690
312530
312640
291480
312990
227940
232430
314830
255070
315260
316010
316830
317250
317360
317400
65980
301970
238590
305050
327140
24240
332360
218620
335240
335430
335840
219740
322330
250900
338760
344880
346010
347030
348250
291650
353640
355530
255710
271590
297130
359310
360010
232090
333930
361420
363460
365310
365720
365670
367450
371390
372820
373140
377160
378860
382110
345180
252950
386360
858460
253030
397340
225540
400040
245170
412740
413150
427520
244210
431240
431960
442780
374320
445980
446750
447270
448280
449540
450390
450540
452710
457550
468700
471710
477160
488310
234630
520010
292030
533970
397950
550040
446620
552100
553590
559010
573170
587470
588650
524220
597220
602090
620980
623840
646570
677120
685240
435150
306130
504370
771310
810760
868020
936720
939360
308600
