240
4000
2400
220
340
380
400
420
29800
18700
1250
20500
17450
11450
12810
550
10680
50130
41000
41010
41050
41060
227780
31280
40800
48190
56400
620
70000
105600
91700
22650
22230
42910
42680
42690
113200
102600
110800
41070
35720
6120
63710
94200
99700
21090
21100
98800
205790
204340
12260
204100
108710
201790
211420
10
730
204360
214870
43110
12170
12210
225260
99900
104700
200210
206210
212390
238070
223710
42160
113020
237110
209000
250900
253110
261030
268910
238460
304930
206420
314030
219740
329050
319630
520440
588430
700330
38400
1046930
