300
220
340
240
380
4000
400
420
10180
10190
550
2540
11240
11280
11340
19200
22370
24960
8190
31280
620
105600
24240
42680
42690
22380
730
202970
202990
212910
223470
221640
224540
107900
208090
230410
223710
253710
210770
252550
252950
209160
209170
22180
264710
265930
12120
12210
8930
271590
273110
222880
274880
286940
291210
286160
245490
238460
304930
280740
311690
291480
247080
317250
317400
321040
322170
382850
386360
413150
225540
431240
444090
359550
623990
324810
292730
533300
550650
444200
562220
641080
218620
674940
795100
813820
433850
823130
431930
