4000
15120
1250
24960
33910
33930
8930
22490
40800
47870
47780
55100
105600
24240
44340
67370
201700
20920
104900
113200
730
49520
217490
219150
227300
72850
17080
51100
113400
200210
206210
208090
218230
230410
236390
272350
223710
262410
265630
224260
253710
203160
220200
91310
216250
10
70
220
240
300
550
620
237110
218620
235600
207140
252490
209000
108600
266010
211820
239200
273110
222880
275470
286570
291860
245620
286690
287390
302830
304930
238090
302380
19900
220240
233270
55230
206420
311690
312990
227940
315640
316010
238010
238590
331470
316390
346900
351470
355840
232090
248610
363970
365720
322330
312530
380600
385770
389300
287700
391460
393530
299360
236110
424280
244930
441870
444090
474750
359550
273350
550650
8500
436520
575640
577390
578310
588430
610360
219640
578080
667890
22350
113020
38400
797470
813820
433850
823130
13250
884660
44350
1106850
