10
100
300
60
220
340
240
280
380
4000
6200
2540
2545
2550
400
420
20900
500
17470
550
22370
8190
8930
8980
729040
22490
42910
47780
55100
620
105600
57970
55150
201480
55230
41070
564310
67370
204880
204340
108710
20920
209100
104900
202750
50300
113200
49520
217490
217980
200170
208200
219640
223470
220740
214510
203140
222980
225140
225160
219890
104700
206210
208090
212500
218130
230410
236390
240320
272350
286080
206480
242720
42160
202090
224260
239220
246280
34870
44350
241600
65930
224540
207140
368730
239350
252410
255320
234670
233130
255520
258220
241910
260410
261180
252150
262550
16700
40970
266430
211820
367540
226840
218640
268910
269210
57300
239200
273110
274190
222880
274560
278360
282440
285160
285580
258180
290930
291010
266840
293540
286160
222900
227780
296470
204360
238460
299720
214340
219910
230820
243200
268540
301520
302610
302830
304050
304930
238090
224600
270570
310370
280740
311690
312530
215080
312990
227940
314410
314450
206420
317400
313340
258160
238010
320690
272510
322190
287450
323850
238320
326460
261640
330830
331470
274940
730
218620
333930
335330
223630
250900
265000
219150
274170
340460
345520
301910
287290
339280
7670
8850
8870
409710
409720
235540
356670
359050
1250
232090
322330
238370
397080
378270
380770
382490
383580
386360
386390
10680
49540
386940
313020
364050
401190
299360
50620
388410
462780
272890
225540
349040
421050
239140
431960
432020
434570
434650
244930
444090
448460
449540
457420
457440
475550
488280
491950
495140
443080
273350
502940
319630
402570
512900
312660
337000
307780
533330
542280
543870
469820
552990
563560
302590
571310
489520
208140
582890
588430
588690
351940
591960
605500
209080
608800
9480
630100
635730
204300
386180
680320
698780
700330
15700
727640
466240
738060
756440
796510
209670
804010
809960
359550
623990
236870
433850
611500
876330
365450
304390
96000
402390
510840
893520
43110
638070
35140
200260
208650
395170
231430
826600
308600
343710
1046930
266310
252130
282100
370910
275390
780800
1048540
684680
431930
