10
70
4000
6900
220
400
13520
15100
19900
20900
17410
24740
11340
17450
550
41000
564310
8930
22490
47870
9010
24240
41070
6220
2400
64000
207610
204100
17300
730
204360
202990
200710
57690
223470
17460
72850
11020
104700
109600
113400
208090
212070
218230
219340
230410
236390
238960
240320
272350
245550
343450
8870
70600
242820
91310
220240
237110
229580
239030
218620
251570
252490
252950
107410
209160
234670
213670
217490
261030
108600
211820
367540
221100
214870
4500
41700
270850
271590
246620
286160
286940
287630
1200
236830
201810
295110
433850
297000
243470
304050
304930
8980
206420
312280
291480
9880
227940
316010
8190
238010
320300
241930
238320
326360
211420
331440
331470
241560
305620
333930
250900
319630
339610
219150
274170
339800
345200
346110
407530
307780
39120
355840
356570
362680
363970
364470
365720
234630
6020
6060
322330
3700
381210
386360
291550
389300
389730
331600
235540
406210
388410
413150
413410
414700
415270
417860
210970
239140
429280
431960
431540
436150
438040
438100
437220
383870
443360
444090
444930
365590
394230
461910
207140
377160
379720
474750
475550
480490
50130
359550
496890
402570
513710
360430
397060
292030
531640
533300
534500
536220
536930
544920
550650
444200
8500
447040
564710
575550
578080
582500
584980
588430
375230
591960
511800
613100
629760
633230
374040
639790
643270
386180
658320
658850
667890
611500
698780
240720
554620
703950
704850
717640
755790
761890
379430
469830
360620
823130
824190
583950
1046930
