4000
105600
44320
321040
104900
204180
219640
55230
109600
113400
230410
236390
240320
39120
250600
226320
235340
245550
343450
253710
65930
224540
10
20
30
50
60
70
220
240
280
300
320
380
400
420
500
550
620
730
252490
252950
234670
221100
271590
272510
273110
281920
286570
293180
222900
304930
306040
314020
313830
315640
317250
293500
205790
238590
335330
341310
341500
344300
345220
346630
351150
353550
355840
371670
274560
391420
399070
399790
365450
407250
416080
429700
438100
439250
550650
578080
587810
600450
700330
504370
755790
231430
34270
228200
203770
490220
209080
391720
1046930
