1600
1670
1520
2100
2130
3920
2900
2910
4000
1700
4540
4550
475150
2200
2310
2320
2350
4700
4760
4770
12900
9450
2700
13200
13210
13230
13240
13250
70
280
10
30
40
60
80
240
15320
11050
7650
7660
7730
7760
7770
17340
20900
22000
500
17390
17440
17480
17410
24740
3590
7850
24720
20530
73230
24860
24800
550
24790
34030
3730
40100
10680
6800
6810
6830
6840
400
34270
42650
46360
39800
8930
50130
4850
41000
41010
41050
41060
227780
2820
201310
39500
39510
33610
57640
47870
42910
9930
34330
47920
58570
620
73020
72200
105600
105400
46710
46830
21100
33910
33930
65700
65720
65780
65790
107430
91310
107200
70600
24010
9350
9420
4560
9480
15620
20500
43110
55140
56400
462780
71340
32800
55230
41070
2990
6220
12360
201510
99300
202530
200940
204340
58610
102600
15200
15210
15240
48110
22600
65730
20920
208400
207170
48700
48720
209120
63380
91330
6910
28050
201280
208140
206440
212010
49520
217490
730
200510
212680
200710
219150
208200
219640
214170
219760
219780
7520
203140
223470
201790
223330
225640
228280
228400
208520
223850
57690
221380
51100
113400
207230
212070
218230
227240
230410
236390
238960
39000
223710
235400
223750
224580
214730
107410
217200
227680
232050
7000
8000
224960
224980
225000
225020
225300
225320
48240
222750
220200
48220
238210
214950
230190
222710
208600
237110
72850
223830
233980
242760
233250
213850
244850
12100
12120
12210
42960
42980
205610
248170
248390
218620
239820
251730
252870
253900
200170
2870
227300
220260
245620
235800
221040
221910
242700
262830
263280
264080
108600
215530
211820
41700
270850
271260
247730
228380
272860
273110
39540
39550
65530
245050
273570
238750
222880
25890
235320
251570
275290
225140
281990
246620
282400
282440
284160
249380
505170
3170
63910
203350
289420
290300
266840
293760
226860
201810
251060
295110
289130
298030
238460
300380
286690
301520
244160
226840
304930
250400
287450
38400
38410
38420
224600
13520
19900
282010
282030
46260
289400
227940
314160
314230
206420
314980
316010
317400
200110
65980
319550
320300
6850
6860
6900
247430
274940
39680
16700
232890
236850
35450
236830
325610
326410
313160
211420
305620
331650
257510
252490
340050
342200
271590
346010
346110
346900
287290
291650
275100
350080
255710
235540
306130
361670
362890
365450
219740
238370
322330
292030
381210
383120
530870
386070
389250
389730
392110
392160
396750
397690
398170
398710
399750
234140
404410
405010
301910
233720
327890
397550
415610
420290
422900
268500
239140
445220
446800
457140
466560
359320
477730
485980
364360
302670
494840
443080
273350
500810
49540
497180
512470
337000
526160
530620
541210
548430
552620
8500
567090
438740
578080
588430
599750
612470
468630
236150
386180
648800
675010
584400
379430
803980
804320
637090
858810
868360
231430
