3830
4000
8080
15120
17300
20900
17410
24740
29900
1250
550
33910
33930
219540
43000
7520
50300
42910
70000
620
105600
55150
47790
42680
42690
55230
41070
204340
201700
206370
108800
49520
217490
204360
219150
221640
227300
219890
11020
17080
51100
109600
113400
200210
206210
207230
208090
211500
218130
218230
230410
236390
238260
238960
240320
272350
39000
107400
214420
242590
248570
262410
271290
273550
202090
224260
253710
224580
203160
34870
233720
65930
241600
235600
251570
252490
252950
235800
261110
263280
263740
264710
265930
269770
271590
222880
274920
225840
280160
283430
286160
286570
222900
297110
298240
238460
239430
301200
286690
287390
301520
304050
304930
224600
310080
227700
310370
311690
312530
312990
268420
227940
313730
206420
247080
315430
317360
200110
207170
251730
321040
322170
233610
323850
238320
326740
329020
331470
274940
10
80
100
240
730
218620
333930
336670
277950
337950
250900
339120
341800
316390
346110
407530
348020
348620
348670
301910
349700
35450
353130
354500
354510
354520
494710
355840
356640
359050
359800
359960
360520
360940
361630
361700
361720
361750
361760
361780
495460
363970
364110
365070
365670
322330
373630
374570
376570
380600
381640
382070
383080
384190
385270
386360
386940
291550
387990
389300
389570
391460
393420
394690
395520
397900
400170
402330
402670
405640
299360
406930
409160
50620
388410
462780
236110
412400
280790
414530
225540
416130
417860
423880
427270
92100
351490
360380
370510
359550
623990
239140
431240
431960
431540
433800
434730
435060
438100
438680
244930
420790
437220
264120
443580
444090
8980
729040
365590
449140
457330
461910
207140
381210
474960
223100
477160
477200
485610
48000
273350
319630
521340
521570
524660
527450
530700
307780
534500
536930
537180
489520
546390
550040
550650
552990
444200
555570
402560
436520
578080
588430
588650
219640
624910
9480
630100
236150
386180
394230
305050
661090
666860
674940
698780
233130
22350
711810
113020
629520
755790
757240
794600
809960
433850
844870
544920
611500
350280
884660
304390
1046930
44350
555440
