1200
4000
17410
24960
217490
219640
4920
203140
203290
212070
230410
236390
240320
272350
214420
265630
224260
253710
107410
239820
252490
236510
221910
262060
266010
266130
211820
367540
221100
4500
20510
41700
273110
222880
278970
286940
287700
286160
298260
286690
287390
301520
302830
304930
238090
274290
227940
298520
222900
200110
238320
261640
331470
730
332500
218620
215470
333930
335300
335330
337950
338180
316390
348020
349700
351290
354240
355840
356640
299740
361420
365670
380600
381640
388410
389300
306040
355150
391460
235540
405640
299360
403040
412130
412470
359550
239140
431960
433340
433910
444560
365590
524440
466560
474750
394360
495890
518030
518790
548430
460920
236870
447820
657200
700330
433850
827640
552500
231430
