10
100
4000
15170
1930
23490
18820
43110
8190
8930
105600
70120
24240
205790
203630
200710
104900
730
204300
49520
217490
223470
11020
6370
13140
99900
113400
113420
208090
230410
236390
238960
39000
271290
202090
226320
253710
203160
234190
210770
224420
234390
218620
251570
252490
253900
253980
234000
234670
209000
251970
550
236850
275490
284950
291010
292380
292630
35450
238460
301520
304050
304930
310380
222900
200110
321260
272510
221380
331120
331360
335330
277950
337950
339600
316390
346110
407530
349700
339280
353130
355840
364470
322330
257400
377140
380600
386360
291550
352460
393410
407250
280790
433850
438100
244930
444090
381210
273350
504370
397060
530620
531640
534500
541180
555570
558100
578080
304390
592600
511800
506540
630100
645260
386180
648430
707680
321400
466240
755790
813820
823130
544920
863550
611500
222880
950100
583950
530630
1046930
226840
