108710
98400
230410
224260
8870
228300
232750
234650
239820
224480
288060
295790
238460
301860
304050
250400
203160
323190
282070
255710
359390
367120
368360
322330
358090
381210
386480
360170
413150
421670
423880
239140
391220
433340
460870
444090
596350
452570
445230
516600
307780
555310
568770
569480
575550
601650
612100
635200
644560
646270
662980
667890
414340
690510
690530
690930
692920
698780
554620
717640
728440
734910
739980
778150
620530
789260
795100
810670
813820
816270
816350
845070
439190
873240
885640
304390
730
555440
