15100
15170
15380
15370
500
17390
17440
24720
1250
35420
40400
550
33230
35140
12210
12220
50300
48190
55100
70000
20920
55150
3830
67370
204880
108200
207610
206610
209080
200260
218640
7510
224900
214510
213650
230410
236390
238960
225260
44350
210770
234650
65930
35450
229480
248550
249990
222880
253650
253940
253980
261110
261180
252150
262280
263060
263860
226840
268870
271570
271590
57300
239200
278360
280140
283880
284950
351030
285010
285070
285090
285160
285800
286570
286690
287100
287390
288060
290000
292370
292410
292570
292620
292910
293180
294020
294230
296630
297020
301200
303390
303610
304050
304930
306350
307070
308000
312450
227940
265590
315060
318600
203160
321150
238320
326120
15700
331470
10
80
100
240
730
298110
305620
2400
319630
343360
345220
346290
355840
232090
360970
42120
369040
371460
322330
371330
375580
378100
383580
385400
234140
391720
395170
400250
400370
365450
406090
406970
410110
414580
208650
422650
371660
428430
239140
429470
429570
391220
438020
438100
444790
447850
449680
448070
451830
457590
461730
461910
462200
462030
469890
473710
475220
476480
50130
484830
269710
485310
486310
489220
490220
490820
491950
493760
498660
502880
503820
508530
510330
511470
518120
518800
520960
523160
292030
526790
8850
8870
409710
409720
531890
536220
536750
537360
537860
542340
489520
546400
529760
547960
550650
554530
555700
555940
562270
566060
566220
574640
575490
576130
576560
576880
581610
208140
586090
586380
586480
227220
587830
588110
351940
595280
605530
498320
610930
622170
627690
644760
649880
218620
655310
656140
656310
661000
661390
663730
667920
673220
323580
680120
685790
691130
695360
695590
702200
703610
703750
705420
706400
707870
709770
368420
113020
715060
715470
308040
38400
732090
732840
733050
466240
480430
741630
745710
745740
756190
608990
231430
368230
773920
319830
776960
781610
783470
791700
796640
34270
211160
203750
228200
99300
209670
801020
806140
806970
809320
814200
236870
823100
824580
513780
827640
833290
834420
838330
203770
842310
690610
847660
232050
853860
704040
859900
860240
270550
863550
439190
608800
611500
334210
63500
769920
696370
304390
96000
510840
961440
530630
967250
43110
826600
308600
343710
1045050
370910
