20
30
40
60
70
220
240
320
300
1002
1200
1280
380
4000
2280
9160
400
420
12900
2780
9740
13210
13230
13240
15100
11900
15270
12750
15700
19900
22000
500
8140
17460
17470
24740
3480
3540
13520
15320
26800
26500
1250
35420
3900
10150
22330
22320
9870
35700
37200
29180
37800
39800
32370
6010
20500
550
8980
12830
24860
18110
12810
41000
31410
41300
22370
37000
24960
409720
10680
35010
35140
11440
12840
20820
43110
8190
12100
12110
12120
12130
12160
12180
12200
12210
12220
50130
33900
33930
24780
62100
57300
22380
35130
41010
6120
42700
42710
35460
50120
41730
31280
40800
57800
49600
63700
44200
18700
58200
23120
40420
21090
47890
620
99830
55100
41800
45760
57900
40700
92300
48000
2210
107100
65790
91310
43190
35450
24240
113200
9200
42680
42690
72850
55230
41070
35720
3830
105450
202070
205350
208600
207610
50300
91200
72200
108710
209080
730
200260
204360
49520
205950
217690
205100
200510
204630
214560
219640
219150
215470
223470
220240
204100
227320
223850
209120
13140
218230
223750
245550
224580
227100
224540
227380
225260
227260
107410
224380
221380
213610
225140
203160
224960
225020
233720
224760
234290
228300
234710
233270
209520
234160
220200
226980
238210
231160
236370
219740
242860
224060
244850
240200
225160
248310
218620
249680
233680
238320
206420
250320
250760
222880
252490
252950
236450
243800
227300
241540
222710
305280
352280
233130
257790
247910
254440
261180
261570
262260
263300
263320
263720
264710
7200
265930
221100
268850
268910
269670
270450
224040
270880
235460
271590
228380
273110
224480
274190
278100
213670
279640
235210
283680
286160
287120
290930
201810
295110
296770
238460
301520
302010
304430
305380
306370
311340
312280
312530
244630
227940
314070
247080
317360
317400
319910
2620
2640
322210
323670
258970
324800
326150
256290
327140
329320
332500
335670
257510
338000
341720
342310
346110
347160
348250
349480
350910
347290
255710
357380
357410
359320
232090
361420
362890
367670
292030
376210
341940
378610
381210
389140
390290
394000
394310
394700
395200
397680
399820
400040
234140
393380
403410
405820
411960
415350
415590
304240
244210
431240
431960
391220
433340
394160
403400
403430
438100
441110
442120
365590
371660
447820
448510
450390
455400
460700
461950
464060
465780
466110
466270
377160
379720
468700
234630
474960
480490
359550
495890
273350
506670
508900
510250
513710
515040
516110
489830
535520
545270
557340
561080
577740
577940
578080
579950
588650
460930
594650
460790
617440
621060
625680
418460
664830
17500
674020
684050
414340
535480
689580
584400
476600
476620
726020
732430
736220
741670
771410
773951
802200
804320
546050
843380
581320
686810
