220
4000
550
41000
564310
41010
72400
620
48000
113200
55230
41070
204340
201700
209080
219640
227300
113400
200210
208090
230410
272350
223710
248570
224260
253710
204240
218620
206420
252950
257990
252150
263980
265930
269210
269790
271590
57300
281920
285160
291010
238460
298820
301520
304050
304930
312990
313830
314450
317250
203160
238320
331470
730
332070
346110
348020
355840
356130
356670
364470
371670
375950
380840
381210
383080
386940
291550
389300
389570
394870
280790
414700
416080
417860
421880
429790
427730
424280
433850
434570
438100
244930
444090
448780
462960
463180
463210
463220
466270
473740
493650
495890
509220
510050
511330
518780
522570
527450
528660
529950
539380
546390
546980
556280
562220
567580
588430
607260
630100
641990
204300
386180
648120
668630
674750
698780
233130
700330
755790
795100
34270
810670
270550
278360
343710
