300
3830
4000
475150
6570
4760
400
3020
12900
15100
20
50
70
220
280
320
380
420
12340
13500
23310
29800
11330
26800
1250
35420
7510
34900
20900
11450
500
550
41000
22370
205650
10500
33230
43110
35140
45730
41010
13600
24780
34270
70300
72900
55140
22610
22650
22670
620
104200
92100
105600
20920
46500
46510
98200
42140
91700
19680
107310
46540
55150
96100
107100
111800
24240
39160
72850
55230
107800
25000
21100
41070
201510
203770
2400
41900
92300
80330
67370
201570
38600
207320
22100
48700
48720
207610
207250
104900
204180
42170
207350
50300
208620
208630
208640
206440
108710
202750
113200
65800
211420
207370
207380
207400
209080
202170
10
80
240
730
218510
4920
204300
200260
220200
204360
212680
207210
49520
214360
217690
200710
220860
218640
42160
91600
219150
200510
214560
219640
220820
218680
223220
218410
214870
223470
219740
322330
1930
7520
7530
45760
201790
222980
42910
202200
202710
204880
211120
220700
221810
220440
227300
219890
223810
223870
209120
57690
230410
231060
238960
216150
245550
264380
8930
34870
221040
224820
225260
229520
225420
216090
207930
226740
230050
230700
34190
71250
71340
200940
202530
203650
212480
213610
22600
70600
70620
200170
234900
203160
224960
203140
205930
227480
233720
228440
44350
113020
234290
228300
235820
225600
234650
233270
215690
65930
238210
43160
222730
210770
225360
215530
222480
236090
206190
218130
231160
241600
233980
237570
35700
35720
242860
204530
39140
213850
244810
244870
12100
12120
12210
12220
12230
237110
225160
25800
239250
246420
45740
246960
225080
234080
209000
237630
239070
248820
239350
222940
218620
249590
249680
242570
233680
238320
239200
249990
206420
250180
250340
250760
228560
251060
251430
251570
251630
251710
251990
252330
252350
252410
252490
252610
253230
253750
208610
245170
253840
253980
254080
224460
227600
237890
234670
245620
242050
209370
233130
257990
250400
258910
221910
208400
219830
242700
262280
262390
262470
263060
263620
263980
264280
264710
265610
265930
266010
266210
226840
268870
268910
269210
269250
269330
269710
269790
270090
270150
235460
8870
409710
409720
251850
271550
271860
274190
222880
25890
277470
277700
277890
278360
278460
213670
280910
281220
281370
235210
281640
281920
281990
282140
282530
282900
254700
285070
285420
285820
286260
286570
287260
287700
287980
49600
288470
243930
290280
290770
291010
291130
292370
292910
293180
293780
293940
294230
201810
294810
295690
295790
227780
261110
296870
238460
237930
299720
299740
299780
299950
300550
239120
292120
292140
301480
301640
303390
303510
63700
63710
205060
205070
205080
205090
218060
301190
301200
243470
304930
255220
40800
207080
224760
308060
310560
91200
236730
251530
252170
294750
311340
311860
311870
312530
313140
313740
313020
313830
314410
314450
265590
314790
298520
265300
226580
317250
272510
318220
318430
318600
319910
320040
238010
258180
320340
239160
202990
212910
321870
265550
323370
323580
302510
301970
241930
324740
325090
326180
326190
326520
208750
327510
289130
329000
289650
15700
331190
331870
298110
305620
332480
234630
333600
203830
214340
219910
220740
230820
241910
243200
255280
255320
268540
335300
257510
250900
338710
319630
339800
340000
340070
340170
340300
340490
340730
340860
341500
340820
304240
314660
342380
236430
343360
343560
343710
343860
271590
344770
344910
345090
301910
323470
345820
346630
347000
347430
347560
266510
348550
348950
349500
349790
351150
351170
351490
226720
297130
351920
291650
353270
353550
353640
311560
21690
354380
354730
355150
209650
355530
255710
306130
357190
357290
45770
357780
345350
351860
358750
359100
359390
359870
360010
232090
360640
361190
361280
361990
362890
363440
363610
363930
364640
365450
364690
312750
346830
366320
357070
366890
367450
367500
367520
238370
368160
6060
369700
369990
329050
370130
370460
370510
332790
370910
351710
371670
372000
373290
230230
373420
373930
374320
375200
274560
377190
377290
377600
377680
377710
377720
3700
63380
238090
331600
378860
379290
247950
249230
380020
236870
381210
382890
382900
383330
383460
383960
384110
351970
384630
385070
385080
385150
385800
386360
386620
386970
261570
387340
388090
388080
388750
389730
234140
390710
306040
314020
391260
391420
392410
393190
393200
394540
394870
395400
395570
396350
397500
397900
398850
391540
400450
400630
360170
402180
402330
57300
403900
403740
404540
405610
405710
405820
405970
363890
407300
407310
407330
407420
407810
407980
388410
462780
410320
410850
410900
341310
396160
399790
407230
225540
414700
416020
416080
416600
416680
418070
418240
418360
418950
349040
420110
420360
208650
368500
420740
421700
421810
423230
423710
424840
426000
426690
391220
339340
270880
359550
428550
429470
429700
377840
427730
431220
431710
432260
433850
434420
434460
434650
376300
290790
435400
436390
438010
438020
438030
438080
438130
438480
438490
460870
439190
439250
439350
440760
230270
444090
444480
444720
444260
445980
446020
446640
371660
447780
448440
448660
448780
450850
451760
452570
453820
454200
454890
368390
314710
457820
458680
460120
460790
460960
461140
461580
461640
223100
271240
462960
463110
463210
463220
463350
464060
207140
465760
466560
466840
466890
467000
468000
425220
379720
470220
470260
470780
471010
473470
473690
474960
475240
327030
394360
477870
383150
482330
485080
485450
485510
485580
485730
485950
486150
486820
487430
488660
489140
489470
361230
491160
403640
491650
491950
391040
493540
390340
495050
495890
368230
496300
496550
497400
499520
499890
500670
501320
448510
503560
504460
505230
505730
391720
402570
508530
508670
508730
509220
415200
427190
513590
513780
514900
517000
360430
289070
312660
521500
521890
522240
522570
523780
366640
292030
524580
525040
527190
527450
528430
530020
530320
307780
532110
533300
534290
535230
535850
537340
115800
418370
539670
539720
540840
542430
543460
545280
544330
547910
547960
337340
552590
555220
249050
555640
555700
555850
559210
560380
561770
562220
562360
562810
429660
564900
564750
566160
567800
360830
568930
438740
489520
573130
573780
575510
575640
578080
579760
581270
581520
581710
208140
584800
584980
585770
585790
589220
304390
591420
355790
593280
595140
524220
599140
600370
603190
603420
606150
606440
378540
383980
609490
610360
503350
618170
619700
622170
623940
234270
627620
633130
633460
635200
644930
645090
278910
650220
371200
651660
654050
654900
656680
657200
658560
658850
601430
20500
667720
667810
668630
493900
680360
686600
230190
414340
535480
691150
641990
696480
584400
635320
368420
712050
637100
435150
308040
720280
239140
735580
582160
739000
743450
552700
745850
757330
231430
760060
761600
772480
774511
319830
613830
783050
488790
799070
804830
637650
813820
337000
814380
552520
552500
742120
570940
204450
863550
718670
878580
878750
310950
885150
638970
927890
929010
96000
963690
638070
395170
1004240
1019590
1046930
