4000
7000
400
11450
20900
9480
16720
21670
17450
550
45700
47730
40800
620
105600
96100
107100
205790
20920
98400
49520
217490
214170
42910
109600
207230
230410
238960
202090
203160
204080
225600
236090
72850
91310
216250
261570
262060
262150
265930
266010
211820
218640
271900
222880
48700
239160
281220
281940
49600
256290
238460
260230
215080
227940
222900
233720
249230
21690
220440
323370
221040
330760
730
331870
332070
305620
282070
319630
343450
1250
232090
365670
367520
238370
322330
292030
381210
385800
386360
387290
389300
329050
391540
462780
373420
415420
416080
239140
429700
391220
434250
444090
477160
48000
495890
509220
524850
307780
489830
563560
567090
575550
581130
608390
631510
648430
305050
218620
323580
689350
368420
504370
813820
304390
285800
879160
