4000
6910
6510
220
320
380
420
12120
12250
20
50
70
130
280
20900
22300
12210
17460
17410
24740
29800
20500
667720
23490
24980
22490
34270
7520
47870
42910
620
104200
105600
55110
17470
107310
96100
48000
12110
204340
67370
108710
20920
115320
209080
10
80
240
730
200260
219150
217980
55230
223470
222980
227300
72850
238960
272350
202090
204240
203160
65790
234190
241600
35700
35720
244850
91310
216250
237110
225080
234080
233840
218620
239820
252670
252950
253900
253980
213670
49520
217490
262060
264140
108600
211820
221100
268910
222880
48700
283640
286160
236430
286690
287120
290930
293180
201810
222900
206420
298340
303390
304050
304930
306040
38410
63380
263060
215530
272470
260230
312280
313160
292030
317360
318430
318600
8190
238010
250400
39520
39680
242640
221040
214490
241930
238320
24240
211420
305620
322330
271590
344300
335300
21690
326460
7670
8850
8870
409710
409720
330270
306130
359050
360170
361420
362090
362890
232090
319910
1250
367520
238370
369580
230230
373420
375510
380840
387290
391540
253030
298630
388060
409560
462780
413150
314520
427520
359550
431960
374320
443810
460790
377160
475550
476480
273350
507520
512250
531640
578080
588430
588650
599140
641990
665360
250460
684410
698780
240720
435150
466240
761620
813820
823130
570940
359320
884660
1046930
