2990
12120
13230
15170
22000
17390
17440
24740
22330
6060
12800
24840
3170
22370
45700
39660
39680
63910
8930
22490
47870
9930
400
104200
105400
72850
33530
204030
105450
200710
209100
10500
204360
217980
203350
205790
206410
203140
12110
220440
109600
236390
258700
235340
233470
44350
219740
322330
48220
242920
224060
234670
213670
261570
264140
265610
265930
9200
550
271370
271590
228380
272510
201700
285500
286810
289180
289520
297000
301520
301980
304430
306130
38400
288470
265650
323190
340730
346010
346110
292030
377160
387340
234140
411300
411830
349040
431960
432350
440650
485510
403640
503300
289070
546230
489830
575550
524220
611180
644560
386180
738520
1046930
