4000
220
340
360
380
400
420
17410
550
7520
42910
620
105600
104900
204360
10090
202970
202990
212910
219640
1930
206210
230410
236390
238960
272350
223710
262410
224260
72850
218620
206420
252950
254060
265930
211820
367540
273110
225840
293540
222900
238460
301520
302830
304930
312530
315640
317410
8190
322170
323850
331360
331470
10
80
100
240
730
335330
338180
340200
316390
307780
301910
349480
349700
351800
7670
8850
8870
409710
306130
363970
364470
365720
6060
32500
322330
381210
386880
391460
388410
431960
424280
438100
244930
444090
448660
473730
273350
510050
518780
518810
521570
489830
550650
575640
578080
588430
506540
652980
657200
665360
666220
466240
755790
813820
433850
871720
884660
304390
278360
