2500
4000
6860
2600
6310
220
12900
17430
15620
29800
22200
3590
10150
34900
35000
24870
41500
20900
40400
17450
11450
550
11280
18820
8190
11200
3130
45400
35140
33670
39800
50130
4760
9940
57640
22600
8930
70100
50620
35480
10500
34030
35460
12210
78000
31280
92300
50300
47890
7520
57650
9930
48190
45450
56400
15100
19900
92800
91900
34330
91600
1250
70000
42910
13560
620
57680
104700
95500
249610
99400
104200
96200
105600
20920
92100
105400
19680
71390
46500
46510
46540
33440
96100
35450
236830
61100
32800
111400
17710
55150
72850
98600
63500
63710
99700
58230
98200
113200
24240
102840
201020
115100
70620
201870
70660
70650
110800
39160
35700
200190
41070
57400
200260
201570
203990
202090
32410
60340
205790
38600
26900
2400
67370
65300
203770
91200
108710
108200
208090
203560
201700
49600
102850
49470
105800
102500
209120
203630
71420
207610
200710
115320
206370
208140
212030
211360
212680
204180
23700
3830
107100
207080
206740
40800
210170
111800
205910
97330
91310
209330
96300
49520
214360
204840
202170
217200
211120
214340
200350
211050
209080
6200
33610
33600
214570
72000
200510
107200
41800
207420
204300
218640
209540
214560
206440
219740
322330
219640
220860
219910
212580
204360
7510
42160
220820
214590
218680
220460
219600
223220
4920
211400
1930
55230
212110
223730
222140
202990
212910
203140
225600
223630
63800
46260
212700
201790
4570
209950
220440
65800
208480
227220
220700
50650
388410
223390
224540
218130
203160
8870
204080
250600
226320
245550
221040
225260
233230
224220
228260
233720
222660
21690
225420
216090
234490
233740
220050
221430
235360
232770
234710
228440
232750
44350
210770
222480
235250
224760
228300
234940
236730
234290
231430
238210
43160
238890
231740
224420
35720
237570
242780
233250
243120
243280
228960
201420
239450
244690
237110
243950
300
730
237590
218820
40390
65930
40300
234390
234080
244070
243780
209000
231040
248290
248310
248970
222940
218620
249590
249650
231670
242570
225280
238320
233840
207650
226720
250320
214550
111900
251310
251690
251710
251870
253570
253650
245170
25800
253900
253980
200170
255220
215630
255480
234670
247660
57690
57740
242050
257120
238910
257830
257890
258050
258090
258200
247000
45500
258910
259680
259740
212480
221910
236510
254440
244090
261030
242700
261640
261700
261760
262120
262150
238430
262770
262920
263280
263300
263320
263460
263620
263960
263980
264140
264220
264340
264460
264540
264560
264690
227300
215530
265300
266050
267060
267340
267360
267920
267980
230230
373420
268240
268810
269490
269790
270550
235460
271570
271640
272470
274310
222880
274560
275470
275490
237890
277890
278360
239160
278460
213670
279800
281200
281370
235210
254700
281860
281940
282100
282440
282760
283180
283230
283290
283390
283660
284200
284390
4700
34270
246580
284710
284810
284830
284850
284950
285840
286360
227560
287340
258180
288470
288880
288930
243930
233290
290280
290710
291010
291410
291430
292120
292140
292200
292370
292380
292410
292620
292630
293180
293300
431290
294020
294190
294230
201810
47400
294860
216250
295250
295690
296050
245620
261110
213850
296490
296510
296770
296830
296870
297020
297100
298600
238460
299260
299440
299460
299720
300220
300540
301050
301190
301200
286690
287390
301480
301640
301750
303390
226840
303840
243470
304170
18400
304500
306040
250400
306660
63380
306950
307070
307170
307350
307600
308040
310360
237850
311340
312640
255420
305490
313650
314020
313020
313830
314250
314450
314570
206420
314830
255070
315430
315810
253510
45760
272510
318430
318480
65980
319180
319320
319970
320540
321920
321950
226560
302510
301970
241930
324420
305050
258970
326120
326180
326190
282350
245300
286880
297860
301980
311770
315440
316030
316260
319170
322600
327740
327410
328600
329380
267550
330350
289650
330820
330830
330840
330990
268050
331440
289690
331760
332480
105450
221380
266840
287450
333330
333740
333980
334300
335430
335450
335460
336110
336200
336280
274620
277950
337040
337420
337630
337940
338050
319630
339130
339160
339200
339290
339470
339800
340070
333760
340280
340300
340310
340650
340800
341310
341510
341550
340220
343360
335660
344040
344910
345060
345090
301910
323470
346040
346080
346180
346200
346210
346630
346810
347430
347560
342090
348960
349210
349500
350010
287290
341500
351240
342240
351470
351490
351570
39120
354650
354960
355150
355520
355560
357120
357200
357280
357780
357900
358480
358960
359900
360380
360590
360640
360650
360870
361190
362290
362660
362930
363490
363620
364270
365680
365770
240460
365810
364690
366890
238370
368370
368720
368970
368990
369060
369080
249230
247950
369420
369890
370100
370300
370510
371180
371420
371440
371900
371330
373360
373440
375460
375510
375820
267750
376870
377310
378100
379960
382120
383330
383580
345180
384680
385310
385490
385830
370240
387070
388120
390200
234140
390570
391070
391420
394280
394540
396790
397870
391260
397500
407230
398680
398710
399430
236110
399890
400170
400240
400370
400790
403510
403560
403900
404620
404810
406870
407290
407680
410120
410130
410210
412170
412600
396160
399790
414660
416080
416350
416760
417730
418070
418120
349040
208650
422100
426000
391220
427030
268500
427780
428430
429470
429570
429600
429680
431710
431860
431960
433210
424280
433950
434210
434250
434420
438180
438270
385730
439250
265550
441870
444090
446640
448350
453980
454420
370770
460960
461640
463350
466790
425220
255710
474960
478010
485420
489900
385760
360430
289070
536220
115800
539730
542970
542971
565340
584980
607890
554620
504370
637650
1046930
