10500
17390
24720
48800
9930
620
57690
211050
48220
227300
48240
72850
730
237110
214950
44350
270880
8930
274010
246620
282210
285190
290790
245620
296770
299250
300380
310560
312280
313010
298110
289650
354380
241560
65980
321040
289930
45760
323190
302510
241930
325610
307780
255710
271590
364360
234630
321960
298050
369990
292030
377160
238090
236870
375910
381210
225540
234140
289950
419480
420950
421020
371660
429180
268500
2870
350110
458770
281990
466560
289070
304390
501080
464340
312660
333420
535930
541180
493340
588430
594570
621060
392110
641320
552520
646910
435150
715560
684410
627270
648350
492720
961440
976310
690790
812140
