10
80
100
320
4000
20510
10090
4560
228200
15190
15390
19800
12830
24870
550
8190
42960
50300
44340
620
105600
55150
42680
42690
55230
67370
204880
22490
108710
206440
212010
219640
214510
203140
34330
208030
230410
236390
238960
262410
206500
224580
224220
44350
234650
65930
210770
35450
242760
242860
237110
247020
239820
250380
252490
252950
253900
253980
254020
49520
217490
107410
209160
209170
22140
22180
259280
238430
261490
261530
262060
40950
108600
265330
226840
267940
211820
269210
270210
271590
57300
222880
251570
278360
48700
239160
281990
282660
284830
286160
233290
292910
294860
286690
287390
272470
34830
34870
304930
238090
250400
38410
227940
317360
238010
323190
221040
302510
307690
331470
274940
730
305620
333600
282070
335300
338050
339800
341300
342370
314420
301640
346120
346900
349700
266130
310890
21690
355840
356050
232090
364470
367450
367520
238370
368360
322330
381210
383080
385800
291550
387990
389300
287700
45740
234140
394360
395170
360170
365450
311210
282440
413150
409730
417890
231430
420110
422250
428550
239140
429660
430960
431240
431960
434570
438490
460870
244930
443810
444220
444790
8980
365590
453480
459820
56400
462930
473740
475150
475550
348840
495890
273350
503300
515310
521580
292030
307780
542340
547180
550650
557630
563560
568220
438740
575550
578080
588430
589120
598700
602520
616030
629760
630100
635730
639780
639790
572410
643820
644560
644570
646570
218620
657200
668630
676630
678800
680480
698780
700330
711990
712050
720280
721720
734750
466240
738520
480430
739000
740260
761620
626690
359550
813820
820240
570940
203770
856400
859680
868980
13250
871720
872130
209080
873240
718670
878750
879160
880510
334210
391720
927890
304390
948630
96000
491950
963690
43110
638070
308600
1003520
285800
343710
