10
80
100
240
4000
620
206610
215790
230410
236390
238960
44350
252950
254080
282800
730
333930
342970
397900
400040
406090
413850
413851
413852
413853
413854
413855
413856
413857
413858
413859
458250
458260
458270
458280
458300
458310
458320
497810
497811
497812
497813
585280
585281
585282
585283
422100
444090
596350
449680
460060
269710
479130
319630
525100
550650
552990
436520
208140
582890
591790
601170
635240
635241
635242
635243
643600
204300
645940
654980
661000
667300
671940
674940
304930
685000
685790
698780
704190
721940
726800
730280
735450
736840
745710
756190
767170
778410
778850
806970
809320
814200
815080
822070
827640
828910
833290
834180
836260
838540
840700
843890
847660
544920
853860
704040
862320
866150
967250
1004240
285800
266310
282100
