4000
240
1250
550
8930
56400
620
105600
104900
730
211420
204300
204360
200710
205790
219640
230410
236390
238960
226320
233450
72850
216250
220240
237110
218620
249990
250050
206420
252490
242050
249130
8870
271590
239160
285160
293540
222900
296470
238460
301520
302830
304050
304930
312990
200110
323190
242640
323850
327690
24240
331360
274940
305620
282070
333930
351570
354140
255710
360940
363970
364470
368360
369990
219740
322330
386070
386880
291550
352460
409160
388410
236110
420290
438100
438680
444090
446270
477160
364360
48000
273350
508600
292030
489830
578080
582500
511800
610080
559460
594570
504370
813820
236870
439190
395170
231430
1046930
