10
80
100
300
70
4000
2990
6220
220
400
13210
13230
19900
17300
20900
500
17410
3590
7830
40400
550
41000
3730
24960
8190
4700
40800
47870
50300
42910
620
96000
55110
105600
7530
47780
22230
55150
48000
65790
38740
72850
12100
12130
105450
204880
35000
20920
210350
104900
211050
218510
215790
204360
7510
218680
1900
1930
224900
214510
223470
12110
227300
230410
236390
238960
262410
343450
225420
43160
44350
234650
222730
237110
222880
252330
252490
252950
253940
253960
224860
250400
260550
260750
260770
252150
209000
265930
22650
266940
218640
268870
269670
271590
57300
65780
273110
224480
278360
280140
281990
246620
285580
285800
286040
286500
286570
288060
222900
206420
8980
286690
287390
302120
303390
38400
38410
38420
307070
265590
318600
203160
274940
322600
221380
238320
328680
730
218620
282070
2400
319630
219150
344790
297000
287290
355840
360940
361930
248610
363970
365450
367450
238370
322330
374400
330580
381210
367580
391720
395170
320300
360170
403900
410110
410210
416370
418070
429680
431960
433850
434460
434570
438180
427920
244930
444260
451880
454200
462200
469730
477160
383150
359550
489360
491000
491950
498660
502140
506610
512640
521230
307780
537340
540020
489520
546990
550650
552990
444200
249050
557680
558620
562010
566160
438740
578080
208140
588430
588970
351940
591420
209080
611350
447820
611980
503350
631830
407840
645260
654900
655100
658550
666220
671090
304930
686600
641990
700330
704210
15700
480430
241930
756360
757330
781820
795100
34270
228200
209670
802730
520530
810670
236870
819500
513780
833290
203770
232050
544920
270550
863550
439190
864300
490220
871720
334210
304390
952440
402390
510840
583950
967250
638070
231430
308600
343710
331470
1070330
1046930
