220
340
240
4000
400
8190
40800
620
105600
204340
49520
38830
51100
99900
102700
104700
200210
230410
238960
272350
223710
286100
264380
242760
252630
252950
261180
244870
273110
225840
302830
304050
304930
302380
215080
312990
227940
317360
250400
322170
241930
261640
331470
730
334370
335330
341500
316390
345280
346330
349700
355180
351640
356670
363970
365300
265930
368950
257400
380840
381210
382490
291550
398710
360170
236110
412140
415030
423880
431960
424280
433850
434570
438100
444090
596350
461560
462930
467380
479130
502130
510050
513510
513650
513780
521570
529110
542310
563560
564710
570460
575640
463150
578310
208140
587650
588430
601510
511800
630100
637850
643270
650700
218620
652980
666220
666860
669630
678800
323580
685200
698780
700330
702810
709310
711810
714070
341890
730590
734750
735570
738060
215830
763410
773920
788770
791930
795100
871720
909080
