240
300
320
340
220
4000
1250
6000
550
41700
32470
8930
1630
71250
95300
620
105600
96100
42680
42690
202730
203810
35000
207650
108710
204060
63380
113200
10
80
100
730
215510
220780
220860
49520
217490
211400
208480
203160
72850
203290
236390
223710
262410
224260
241640
245550
221040
210770
224060
35720
242760
218620
236850
219640
252490
107410
227300
256370
40970
108600
267060
221100
272060
222880
246620
282440
227100
247910
43160
236430
266840
20510
297020
35450
286690
287390
304930
250400
65930
200510
310370
206420
287450
331120
331470
305620
219150
274170
316390
301640
349700
287290
255710
355840
356500
232090
362890
363970
365300
373330
374320
374570
381210
386360
393530
365450
462780
414700
105450
221380
421020
239140
391220
438100
444090
365590
448940
449540
454600
379720
485610
403640
319630
292030
530330
307780
545150
444200
447040
438740
578080
601510
665600
674940
677160
377160
700330
466240
368230
776960
788510
795100
359550
552520
570940
869760
914620
304390
223850
325180
1046930
