220
380
15620
6000
8190
8930
620
105600
32800
115320
240
730
204360
202970
202990
212910
219640
201790
109600
208090
230410
236390
238960
240320
265630
224260
239220
224540
203160
227860
233450
72850
246420
248390
218620
239820
252490
239160
213670
242050
211820
550
271590
22100
48720
278970
243470
290730
222900
301520
304050
304930
26800
40800
207080
224760
260230
227940
298110
289650
48700
24240
346900
230190
335300
306130
363970
386070
236110
427520
441870
364360
489830
368230
496300
533780
535230
231430
