10
80
240
4000
4700
12120
1250
550
8930
47890
48190
55040
33910
33930
65780
22380
201700
104900
115320
212680
49520
57690
55230
10150
227300
102700
109600
113400
200210
203290
208090
211500
212070
212500
218230
230410
236390
238960
240320
272350
209870
214420
248570
206500
223750
224260
239220
253710
224580
236730
220200
242760
244850
239820
15620
20570
56400
253490
107410
261430
108600
221100
268850
271590
273110
222880
251570
48700
48720
246620
286940
298240
299740
301520
304030
304050
304930
58610
222750
251060
224600
310380
291480
227940
206420
316010
317360
200110
274940
287450
323370
232890
241930
327070
331360
730
333930
334920
277950
342200
344760
346010
325610
346330
255710
355840
232090
303390
369200
380600
380770
384180
377260
386360
291550
389570
391460
393410
393420
225540
397900
360170
393380
299360
41800
344840
409590
236110
410900
280790
414530
415660
427270
427460
429790
438040
266840
420790
364360
264120
444090
348460
365590
449140
466560
468250
359550
302670
329280
479130
223850
499660
504370
497180
512470
513560
513650
40980
530700
534500
547680
550650
552990
555570
558100
8500
252950
560380
562590
564710
436520
578080
578310
581320
582660
212740
285190
588430
304390
460930
599390
601510
601540
610080
559460
627690
644930
386180
649770
218620
653120
653940
666220
666860
674130
674940
680360
689090
700570
701160
720380
239140
734580
466240
737010
755790
773920
773951
496300
805850
813820
433850
823130
834740
835860
203770
544920
853550
874240
356190
884660
714010
920490
346750
947300
530630
681660
984110
688500
231430
489520
1004390
1046930
615020
761890
