400
22300
29800
1250
550
33910
33930
22490
620
104200
105600
24240
41070
20920
91310
214340
113200
218640
217490
11020
38830
99900
109600
206210
212070
218230
230410
238960
265630
206500
224260
239220
224580
224220
233250
218620
252170
253650
253940
253980
258200
263060
263980
267920
267980
4500
20510
41700
278460
283290
283390
285840
291010
293180
297020
351030
298520
238460
299460
286690
287390
301520
302010
303390
304930
306350
306830
307350
260230
312640
227940
314450
277950
248470
311250
222900
319180
322170
323370
238320
331470
274940
730
317440
338050
339470
341310
343360
344040
345220
345440
346900
347430
349210
349700
353130
355840
356200
357900
232090
362610
363620
363970
364690
343100
371390
322330
372820
374570
374670
375460
375710
375950
378100
380840
380890
381210
382120
384150
377260
291550
391260
391740
382490
397900
400240
400250
400370
57300
403740
405950
299360
412470
416030
422100
422250
428430
239140
433850
434610
264240
244930
34270
444090
444220
444560
449140
449220
449680
454930
370770
468490
503820
505210
508180
397060
526740
528660
529840
542340
544870
556280
556870
558100
563560
567280
567290
567580
582810
583760
586090
586960
586970
588430
610080
615610
678550
386180
667890
323580
321400
308040
450860
504370
823130
844870
530630
278360
1046930
