10
30
40
60
70
80
100
220
240
280
300
320
340
380
400
500
550
620
730
205790
583950
1200
3830
3970
4000
3480
6850
6860
6880
6910
6920
6980
7000
7600
7610
6550
6510
2310
7670
409710
4500
12100
12110
12120
12140
9460
2700
13210
13230
13240
13250
13520
13560
15100
13540
15120
15130
12750
13510
12360
19900
17300
17330
17340
22000
3540
12200
22300
22100
13600
17390
17460
17470
17410
15620
9480
24620
23310
11550
10500
24740
21910
26800
1250
35420
3590
3900
3990
8800
16810
22330
22320
10150
23120
6060
12800
38400
38220
13570
37800
35000
21690
20500
6020
23490
8980
729040
12830
24860
24870
10180
10190
41500
20900
18110
12710
12810
41000
10680
45700
18820
8190
3730
24980
38700
41700
45100
8850
43110
40100
34190
33230
24960
35140
40930
12220
49600
33220
42500
42650
33910
33930
27330
24780
50620
50130
9500
24420
8930
45740
62100
31280
22380
70110
42700
42710
35460
34270
12210
47810
72200
12900
72300
47870
29180
40700
93200
16450
21090
92300
47890
42910
7520
9930
99810
48190
55100
7940
99830
35700
56400
40800
71250
47900
91600
22350
92000
55110
45760
104200
42140
105600
20920
91700
105300
24670
19680
98800
107310
18700
26500
26900
55040
70300
28050
91310
55150
47790
48000
107100
38740
111400
97100
9200
57690
70600
98400
17710
98200
24240
72850
55230
92800
65800
107800
65730
201280
110800
111800
71340
91100
200190
1510
1520
41070
57400
201570
35720
200940
63710
94200
99700
202710
44320
24010
203730
202530
21170
108500
108710
61600
111100
102600
96800
207490
207170
102500
203650
200710
208140
205930
212680
115320
200010
204100
206740
209610
96300
202170
212580
212410
211420
49520
205100
200510
207210
205950
205910
213610
203140
223470
222140
220240
221260
218680
115100
221640
220440
203160
221810
227300
8870
227280
228400
219890
230050
286080
245550
232090
210550
107410
227680
48240
233720
234710
44350
224760
234650
233270
220200
238210
222730
224060
206420
322330
39140
235600
225080
234080
242550
248370
209000
239820
250760
223670
251150
253230
249870
249130
245620
243470
258180
238010
242700
261640
264710
265930
39150
267550
373420
249050
268850
268910
235460
254700
274450
239160
213670
236430
287700
274980
201810
289130
298110
255220
239120
292120
301910
292030
307690
311340
280740
312750
314160
288470
265300
65980
319910
241930
239140
329050
241560
234630
208650
304240
341870
271590
346830
335300
350080
255710
306130
357190
359320
360830
363440
365590
372360
374320
377160
382890
382900
351970
391540
337000
405310
329440
412020
413150
225540
427520
210970
359550
377840
391220
364360
236870
447040
275850
460790
379720
474960
480650
487220
488790
403640
433300
433320
517630
289070
530620
535930
115800
537450
480490
489830
550040
493340
552520
567090
584400
587620
460930
524220
607050
612880
614570
468630
460810
631510
637650
250460
684410
414340
692850
594570
699170
435150
731490
582160
647830
742120
637100
503940
595520
812140
570940
847370
750920
863550
883710
582010
601150
492720
939960
814380
548570
