300
220
340
280
360
320
20
50
70
130
4000
2990
4830
420
7940
12120
17330
17340
20900
33910
550
10680
24960
8190
33220
33930
28000
12210
12220
31280
40800
99810
70000
620
97100
96000
105600
91700
57900
24240
55230
41070
204340
20920
104900
204100
91310
10
80
100
240
730
214250
204360
217490
10090
202970
202990
212910
219150
219640
223470
222980
224540
212480
227300
72850
99900
236390
223710
265630
224260
224580
203160
8870
234710
70600
8500
236370
242760
220240
234390
248530
218620
235600
251570
252490
252950
236510
107410
247120
247910
238430
261530
265930
271590
273110
222880
225840
278970
282440
1250
35420
209160
209170
290930
35450
236830
238460
299740
301520
65790
304930
238090
63380
244630
227940
206420
317360
250400
232890
302510
274940
274170
344040
239140
348020
349580
349700
339280
354550
355180
232090
360940
362890
363970
365300
365720
292030
244050
287700
299360
407250
413850
458260
225540
420290
431960
438100
449540
454150
473740
223100
477160
48000
273350
312660
337000
530700
555570
460920
438740
578080
460930
447820
306130
418460
386180
648800
670350
700330
755790
359550
813820
433850
552520
611500
304390
231430
44350
