4000
20900
17480
22330
22320
6060
6000
17450
32470
39510
65540
8980
729040
91600
104200
55150
22490
20920
212680
219150
55230
223470
102600
201790
212070
230410
233450
44350
72850
241600
10
20
30
70
80
100
130
220
240
300
320
400
420
500
550
620
730
248390
218620
219640
107410
271590
274170
225840
285160
286690
287390
301520
304930
311690
227940
206420
356500
248610
364470
365720
369990
371970
400040
405010
444090
447270
448310
461620
292030
489830
444200
8500
560170
578080
578310
581470
356190
9480
629760
386180
666220
700330
113020
38400
813820
203770
862020
611500
222880
