4000
12120
550
45740
8930
39500
39510
39690
65540
65600
32800
67370
110800
20920
207610
47400
200260
55230
262410
203160
72850
242760
91310
216250
220240
218620
235600
252490
253900
213670
242050
261030
209000
271590
271860
239160
233290
33910
293260
203140
243470
238090
206420
8190
302510
307690
330840
730
305620
343360
325610
346900
355840
365720
368360
40300
40390
249230
292030
373330
274560
386360
398710
411300
414730
349040
391220
429570
433850
433950
365590
449680
377160
475550
477160
359550
48000
513710
289070
333420
307780
536220
489830
438740
578080
40960
755790
488790
304390
1046930
