220
4000
7670
400
13210
17470
9450
17410
1250
550
22370
33220
8930
6120
40800
47870
42910
9930
92800
34330
70000
620
97100
91700
55110
20920
22230
107100
200110
35450
236830
24240
113200
110800
72850
35700
55230
107800
48240
41070
205790
108710
202310
204880
209120
207610
211440
104900
108800
204100
97330
50300
91310
96300
206440
214340
36000
205550
50650
115320
211420
214360
202170
213120
10
240
730
204300
200260
217980
49520
217490
202970
202990
212910
200710
4700
4760
10500
34030
211160
204360
42160
200510
219150
214560
219640
211400
215470
4920
201790
203160
203140
205930
218680
49540
208520
220440
230410
250600
226320
21690
221040
202130
225260
233450
8870
234900
234710
216250
219740
228300
210770
224060
218620
236090
230820
35720
237110
220240
207140
368730
65930
214770
225080
234080
235600
239820
206420
250320
226720
204450
233270
252490
253980
255220
234670
233130
242050
209000
249130
242700
235460
271290
271590
234650
239160
246620
43160
222900
289130
299260
225600
63380
311340
260230
241540
214490
329380
289650
273350
346110
355840
363970
444090
588430
648350
1046930
