80
240
300
320
340
1520
4000
8000
420
12900
50
220
10090
8140
16730
17410
29800
10150
1250
550
10680
24960
42650
22380
38720
47780
21100
63710
92800
70000
620
104200
91200
105600
91700
96100
200110
70600
42680
42690
24240
201570
2400
203210
209370
205350
104900
200260
204180
50300
91310
35140
730
207370
207380
207400
209080
209540
206440
202970
202990
212910
204360
219150
205100
218680
214610
55230
208480
43110
203140
205930
24980
221640
224420
208090
212800
218230
230410
236390
243870
39000
223710
242720
248570
250600
224260
226320
204240
218060
232910
203160
234330
227080
113020
233720
224760
228300
225600
234160
238210
222730
210770
72850
242760
233250
236370
201420
39140
12210
237110
8190
206420
239030
244590
248330
248800
248820
218620
235600
209000
239700
250640
207140
111900
222900
251270
251990
253030
231310
243450
241540
49520
254440
234670
249130
244930
242700
238430
263300
263620
263980
264360
266090
266210
233150
211820
268910
269250
270550
8930
244870
7670
8850
8870
247730
274310
222880
225840
277430
278360
278460
268750
281690
246620
282800
43160
285010
285580
286570
287700
287980
292620
246700
201810
294860
295690
297020
236830
301190
301520
65790
304050
304930
305050
241240
211500
63380
224600
302380
263060
227700
310360
312280
291480
244630
268420
227940
313730
313740
269210
315430
298520
215080
317400
48900
258160
272510
318430
274940
321400
323370
323850
214490
241930
327690
329380
329490
318100
335300
335430
319630
273350
342200
316390
343360
271590
345520
346900
339280
353130
355180
255710
355840
306130
232090
361630
362890
364270
365300
365720
365670
368000
368950
368990
322330
372000
373770
331600
381210
382560
383080
383330
252950
386620
291550
391540
393360
397900
251870
365450
311210
404480
15700
405950
407530
407840
394510
236110
377160
413150
341310
396160
399790
407230
417860
418340
349040
208650
423880
429180
429300
34330
431240
431960
432180
264240
420790
205950
374320
444090
275850
451880
477160
477770
359550
623990
485380
485890
490230
491950
438490
460870
513510
523780
292030
524850
536930
541180
489830
550650
530700
554620
447040
568810
578080
580170
208140
584210
588650
524220
219640
615610
614030
637650
643270
648800
650700
652980
674750
681280
414340
698780
240720
640030
22350
719690
728730
215830
788770
809960
816020
844870
845070
847370
848270
848350
728880
883710
582010
225540
889600
893180
814380
1046930
632360
921570
