240
300
320
340
4000
17480
550
47870
21100
102500
97330
201790
203350
219640
214870
17080
51100
109600
203290
208090
218230
236390
238960
272350
214420
271290
206500
224260
242760
107410
233130
265930
271590
273110
286940
293260
298240
305280
238090
227940
316010
200110
258160
249230
289650
730
333930
336780
355840
381640
386360
389300
299360
282440
231430
359550
239140
438100
444090
444790
310380
468250
379720
273350
531640
539730
542970
555570
578080
304390
356190
506540
559460
594570
1046930
