240
70
130
4000
7010
9010
220
320
340
380
400
420
12120
12900
15100
500
6060
6000
32370
32380
6020
550
32430
3730
33930
8930
12210
31280
42910
65560
620
104700
72200
28050
57690
201280
33520
57600
22380
200260
35140
730
208580
208200
219640
1250
55230
221380
99900
208090
238260
39000
262410
233720
234710
239030
218620
251570
252950
260430
265930
39530
271590
224480
270450
312530
312840
206420
317400
261180
2400
2420
2430
346900
356500
346850
232090
291550
405830
238090
413150
405310
431240
403400
403430
374320
512250
517790
469820
571740
578080
652980
657200
658850
674940
638970
