70
240
4000
2540
4550
475150
220
320
340
400
420
13210
15120
20900
500
17480
15620
38400
38410
550
10180
10190
43110
42120
33910
33930
42700
42710
12210
12220
31280
40800
42910
620
105600
105400
55110
28050
35450
42680
42690
24240
8930
113200
65800
205790
202710
102500
21170
206210
104900
212630
42170
204100
50300
91310
63380
211580
49520
217490
211420
730
202970
202990
212910
200710
204360
219640
96300
8870
200510
211400
1250
4920
214870
55230
203140
45770
223630
224540
109600
203290
208090
212070
230410
272350
223710
202090
224260
224580
225260
224600
216250
234710
210770
222480
209160
209170
206420
219740
322330
233250
244850
237110
218620
235600
222880
251570
252490
249990
107410
242860
258050
242700
238430
219830
211820
221100
286940
286160
222900
301520
250400
310380
311690
317360
321040
2400
239140
346110
307880
235540
306130
271590
232090
360940
363970
365300
236110
373420
376570
252950
386360
291550
352460
57300
416690
420290
359550
434730
438100
444090
365590
517710
550650
563560
438740
569480
584210
610080
700330
22350
466240
755790
368230
433850
611500
304390
581320
1046930
