50
280
360
4000
220
320
340
380
400
420
17390
24720
24960
22490
47890
105600
204360
219150
200170
223470
51100
113400
208090
227240
236390
220200
222730
241600
10
20
30
60
70
80
130
240
300
550
620
730
236850
252950
259280
263760
264710
265210
211820
8930
271590
225840
278970
284160
294100
294160
298240
301520
304050
304930
310370
312530
333930
250900
230290
346010
346900
349480
355180
354240
255710
362890
363970
365300
365670
298180
368860
394360
397340
233720
413150
417860
219740
322330
431960
433340
424280
435400
437900
438100
444090
475550
289070
552100
567090
582270
603850
613100
626680
636480
658850
704210
714070
719750
788770
789270
813820
714010
897820
967130
967250
