50300
105600
55150
205790
67370
204880
207610
214510
6370
238960
271290
245550
343450
44350
253980
260410
252150
263060
226840
268870
278360
278970
285160
292910
294020
8980
301520
302830
206420
318600
238320
331470
349500
363970
391720
395170
365450
299360
414580
448780
448070
491950
498660
319630
550650
552990
555570
585030
375230
351940
219640
305050
218620
368420
436180
823130
232050
439190
490220
209080
608800
611500
334210
63500
402390
510840
43110
638070
231430
308600
285800
343710
266310
252130
282100
275390
684680
