10
220
4000
20900
21000
500
17390
17480
25900
24800
550
33930
4850
620
105600
42680
42690
41070
22490
20920
98400
204360
200710
200170
57650
214170
219760
219780
1930
214510
238960
223710
206500
224260
253710
217200
242760
231430
243950
206420
253980
259550
16700
40950
108600
269210
274190
274520
251570
239160
285160
285800
286690
287390
233290
291860
297000
238460
304930
238090
307230
38400
312530
312990
313740
222900
265300
317380
250400
242640
241930
258970
326460
289650
331470
730
305620
282070
333880
219150
274170
342580
316390
346010
346560
311560
360640
360650
363970
238370
360480
230230
373420
378720
380600
345180
386360
386480
389300
391490
244450
360170
234140
406210
413150
415390
416680
3170
63910
203350
289520
427270
430960
431960
431540
438480
438680
451020
466560
472680
475550
223100
477160
273350
397060
292030
526160
527230
534500
539730
542970
542260
552620
555210
562500
563560
302590
572430
575550
588710
356190
606150
511800
610080
635200
644560
648430
648800
218620
665180
671510
250460
684410
698780
700330
726170
726360
504370
766570
795100
620590
801290
552500
873240
611500
878750
880510
927890
946090
948630
963690
530630
984750
489520
1003520
1004240
879160
761890
345330
