300
240
320
4000
24740
620
2400
730
204360
205790
41000
41010
41070
219640
57690
224540
11020
113400
236390
248570
224260
224580
224220
35450
239450
237110
91310
216250
206420
218620
252950
254060
261110
263060
265930
268870
270850
271590
224480
274190
292410
304050
304930
312990
227940
321040
321400
238320
24240
335240
277950
343100
343360
322330
374320
375620
391720
400240
400250
407250
417860
420290
428430
438100
244930
444090
107410
447850
449540
207140
477290
359550
489220
48000
491950
530700
550650
578080
506540
305050
657200
233130
466240
480430
236870
433850
823130
203770
863550
884660
222880
304390
402390
43110
231430
1046930
