70
280
360
2100
4000
2990
1700
4580
409710
220
340
380
400
420
21000
19980
9480
17410
1250
33100
33110
33120
10150
21670
35000
37010
41000
564310
41700
10680
8190
35140
28000
47870
42910
71250
620
92000
105600
55110
80310
55230
41070
102840
67370
211010
108710
202750
730
205650
200260
217980
11130
200170
4720
223470
221260
221810
203160
206210
230410
223710
262410
224260
226320
221040
225260
8870
34870
228300
215690
204450
222730
215530
242760
242800
242840
224060
209000
248390
218620
249680
228560
252490
253230
242550
209160
209170
242700
262060
265930
266430
9200
211820
267490
267550
221100
269470
270010
270130
235460
271590
273110
274190
222880
280160
280520
285160
286160
286690
287390
287700
288470
289620
291860
293780
228180
41050
41060
227780
296830
204360
238460
301320
243470
304050
304930
238090
245760
310370
311690
312530
313080
313690
206420
315440
274900
317400
322170
322210
323850
307690
324800
10
50
100
130
240
300
550
274940
289690
335330
337320
250900
319630
273350
342180
301910
354140
235540
356670
359100
232090
361420
362890
248610
363440
363970
365300
238370
397080
368730
322330
376870
381210
208650
382560
383150
384110
385770
291550
387990
225540
400170
400940
404960
405310
299360
409720
411300
413150
416600
371660
427270
359550
623990
239140
431960
433340
434170
434570
436320
436820
438100
444090
445980
448280
450390
450540
275850
451520
457130
457420
460950
461950
465240
470220
471710
477160
495050
495890
499620
505230
512900
513290
518790
312660
525510
525620
526140
526740
527450
530120
532210
534550
397950
540740
469820
545580
548430
337340
551720
552500
555160
557340
559650
447040
563560
436520
566860
438740
569630
572430
576560
578080
578620
586950
587430
588650
375230
382360
593280
460930
592030
356190
597170
598070
600140
602890
610180
611160
611660
613100
306130
615120
619910
625470
629730
629910
632360
374040
543390
641320
552520
646200
582160
648800
427290
612880
403640
614570
653530
655790
657200
663190
663200
666220
601430
667770
673060
673600
368070
674940
676840
690810
691320
694090
698260
698780
240720
700330
22350
554620
704300
704850
708580
476600
476620
708820
713420
717690
629520
722230
726830
213670
488790
466240
738520
647830
337000
751780
464340
756040
764300
766320
379430
773930
774441
777770
785740
795100
800200
803280
804320
811310
818320
818730
823130
826480
832720
840800
844380
845070
848450
850450
544920
750920
855320
829110
860660
860860
860950
863550
517630
480490
877200
878580
334210
728880
812140
927270
931280
936720
601150
96000
960040
961440
963690
555440
987230
989630
939960
976310
278360
1051200
548570
