10
30
40
80
100
4000
220
10180
550
33910
33930
8930
92100
96100
20920
204180
115320
217980
1930
4500
12110
236390
238960
224260
224580
224220
242760
252490
253900
253920
253980
107410
209160
259340
259360
261110
252150
221100
271590
222880
278360
293180
293320
294230
286690
287390
301520
303390
304050
304930
306040
227940
314450
203160
321950
307690
238320
331470
730
305620
333740
319630
340070
343360
344910
346110
348020
354500
494710
355150
355840
356880
360940
363490
363970
263060
368430
368990
322330
375510
377290
3700
63380
238090
380600
381210
382120
387930
388120
389700
391260
391420
394540
394870
396360
395380
400250
403900
405610
377160
412130
341310
396160
399790
407230
414700
349040
239140
431560
431960
391220
433850
434250
434610
435140
463210
677210
438100
440760
443940
444090
446640
365590
447850
448070
448660
448940
449200
451880
454930
457710
461640
462030
466500
466730
468490
473710
475550
477310
477980
478010
479260
485310
485350
485580
485730
394360
486820
491730
492270
493700
493710
497050
479130
499420
503820
508670
509840
510220
513710
513780
518100
519190
292030
524340
526460
527550
527760
527990
528510
528660
529900
533300
533640
535760
539720
541380
542340
545110
489520
545360
545370
545580
545700
529760
546980
550420
554530
444200
555980
556110
252950
558610
562360
562640
460920
565860
565340
566990
567290
568450
438740
569610
574640
575640
575910
576010
577460
578080
583660
583760
585790
585860
586090
586960
587590
587830
588090
588430
596170
596870
601010
603190
603290
603570
605530
606050
608560
498320
610360
618030
625950
627950
628750
636150
386180
218620
633880
683830
692180
699760
710780
15700
308040
720480
727640
735360
307780
771610
801020
359550
813820
365450
920490
304390
967250
1046930
