10
240
4000
20500
667720
550
8190
9930
620
33910
33930
55230
49520
219640
227300
113400
230410
258700
223710
265630
224580
34870
242760
244850
218620
206420
251570
252490
107410
233130
255520
264710
265930
221100
270850
271590
222880
301520
304050
304930
227940
307690
331470
274940
730
337950
346010
346110
349700
351290
354500
494710
219740
322330
380600
381210
387990
390970
393420
320300
409510
280790
420290
239140
431960
438100
244930
477160
50130
252950
559650
447820
588430
603570
386180
657200
675010
700330
629520
755790
359550
696370
437220
278360
