2100
2130
4000
50
70
130
220
280
320
340
380
420
12210
17410
1250
500
550
24960
8190
50300
400
70000
620
105600
55150
24240
202200
204340
104700
207610
211050
209080
11450
200710
217980
1930
227300
113400
218230
230410
236390
238960
39000
223710
265630
224260
22490
207140
368730
218620
253980
217490
107410
264710
211820
270370
271590
57300
274170
222880
225840
285160
286690
287390
302830
304050
304930
8980
729040
312990
227940
317360
317400
322170
238320
327690
261640
330830
17570
331470
274940
10
100
240
730
2400
2420
287290
354500
355180
255710
362890
291550
393420
365450
409510
280790
417860
434570
438100
443810
444090
457330
475550
480490
518780
518810
337000
292030
533300
530700
563560
578310
588430
375230
511800
219640
9480
394230
305050
679990
700330
38400
755790
823130
544920
13250
871720
611500
63500
961440
