10
30
80
100
240
4000
12200
12210
6830
8190
33910
33930
47870
400
620
104200
92100
105600
24240
113200
3830
55230
204340
209330
228320
207610
202170
730
218510
215930
1930
223470
72850
13140
36630
38830
51100
99900
99910
102700
105430
108210
109410
109600
113400
200210
203290
206210
207230
208090
212070
215870
219340
230410
234310
236390
238260
238960
258700
286080
209870
223710
242720
248570
262410
265630
269390
271290
224260
245550
246280
253710
224580
225140
44350
12110
12120
12220
12230
12240
12250
218620
253980
247120
259340
259360
252150
264360
550
273110
283880
286940
290650
290730
293540
295550
222900
298260
299260
301520
65790
303390
304050
304930
305260
306040
63380
302380
270570
227700
291480
215080
312990
9880
227940
1900
253860
253880
254080
254100
7510
224900
259320
314020
314280
317470
200110
226320
293500
205790
238320
17570
331470
274940
332790
332950
333930
335240
335330
316390
346630
346900
349480
349500
349700
339280
351150
353130
353550
355840
356670
360760
363970
365720
366890
374670
379290
380580
386360
291550
389300
391460
391420
393530
397900
399790
400250
401190
402840
299360
407230
412470
414530
417860
422100
429700
360730
431710
431960
433350
438080
438100
244930
441870
444090
596350
448780
438480
539720
562360
636150
454600
463210
466910
467360
302670
489220
492800
417910
273350
502550
502400
319630
509840
513630
520910
520960
533820
536930
537860
550650
555570
436520
565340
575490
586090
588430
351940
209080
608800
572520
630100
633251
386180
655100
658560
691020
700330
710780
734580
466240
504370
755790
608990
368230
773920
319830
813820
433850
823100
834470
844870
544920
909080
304390
893520
966870
1024500
343710
225600
1046930
1064730
761890
237870
