240
300
320
340
4000
4830
2500
11200
12900
20900
17410
24740
34900
3270
7780
17450
550
37000
10680
24960
8190
33220
33910
33930
57300
8930
8980
22490
40800
47780
42910
9930
92800
620
44320
321040
70000
41740
105600
70120
22230
96100
47790
48000
24240
113200
201570
205790
41070
34330
67370
115110
20920
22100
48700
48720
207610
33230
48190
201870
28050
91310
212630
4540
15620
20570
43110
50620
55100
55150
55230
56400
96800
216370
228200
462780
475150
7670
8850
409710
409720
108710
202750
17340
108800
20500
20530
55110
211420
49520
217490
202170
214790
35700
35720
200260
212680
214360
202970
202990
212910
200710
1200
1230
1250
35420
35450
35460
35480
214560
220820
211400
214170
223470
201790
222980
221640
224540
49540
200210
230410
248570
224260
226320
225260
203160
230050
34870
233510
233530
8870
233720
31280
113020
234190
216250
233270
222730
72850
65930
242760
239450
220240
246900
255520
265210
225080
218620
235600
239200
206420
241540
209160
209170
223220
246960
236510
239160
257890
221040
261030
209000
242050
215530
221100
236430
281370
282140
288160
293180
294140
222900
296470
297020
351030
204360
238460
227300
301480
303390
304930
63380
291480
250400
272470
261640
305620
219740
322330
271590
386360
372820
444090
477160
489830
588430
804320
813820
611500
730
