10
300
50
220
240
320
380
4000
6900
6850
400
420
2500
11200
12900
13210
15170
20900
500
1250
24740
10150
39800
24840
40400
550
8190
28000
40300
7520
50300
42910
55100
70000
620
7530
55150
48000
72850
108710
20920
210350
9050
216110
11450
55230
49520
217490
220820
1930
203140
47410
238960
223710
224260
253710
203160
65780
43160
224060
237110
250380
219640
253530
247430
22180
252150
242700
262060
40950
263060
268870
273110
34870
278360
222900
280140
286040
288060
292410
206420
303390
318600
238320
730
333930
334210
301910
319630
343360
287290
364470
365720
369440
385370
304240
391720
215530
395170
398450
401190
365450
98400
410110
50620
417890
420970
431540
437160
441870
473740
475550
477980
302670
490220
57690
498660
273350
506670
506590
510660
292030
324810
40980
530700
533780
444560
534110
311730
541230
553210
554530
555210
555570
562270
575550
578310
588430
351940
222880
619700
628760
639790
644100
644560
386180
394230
665180
666220
17500
691020
698780
250400
700330
554620
15700
734580
741590
743090
756880
761330
662320
779960
557260
433850
439700
831770
203770
232050
439370
270550
863550
439190
865090
869760
619080
893030
893560
304390
491950
43110
826600
285800
1046930
331470
