240
300
320
4000
1250
24960
8930
42700
42710
22490
7520
48190
70000
22350
620
105600
200110
201870
9200
102500
20920
104900
204180
113200
730
204360
202990
220260
219640
1930
223470
203140
205930
224420
212480
227300
57690
104700
109600
113400
200210
207230
212070
230410
236390
238960
240320
272350
214420
248570
250420
271290
202090
206500
223750
224260
226320
239220
245550
253710
224540
210550
233720
241600
239450
244850
234390
239030
243780
218620
252490
253370
253980
241540
209170
257400
49520
217490
260750
260770
208090
264710
265210
265930
211820
221100
25000
234190
550
271590
224480
237870
274920
277870
48700
48720
282440
286570
287390
294040
222900
299360
301520
304050
304930
8600
211500
227700
312280
312990
9880
227940
314160
258160
203160
322170
313690
331360
331440
331470
333930
335240
335330
339610
340810
340830
343100
345520
346010
346900
349700
349720
238370
39120
356890
363970
322330
372800
376920
381210
384180
386360
291550
389300
397500
397900
407530
236110
415270
349040
427270
431960
435060
438040
438100
244930
34270
205230
205950
99300
444090
457330
464760
466910
470740
485870
485890
495910
504370
402570
337000
292030
537180
547410
550650
554800
444200
555570
8500
252950
564710
436520
578080
610080
506540
9480
630100
386180
735570
466240
813820
433850
203770
976310
359550
1046030
1046930
761890
