240
300
4000
500
22200
550
33910
33930
57300
620
35480
20920
42910
42680
42690
200550
113200
72850
204030
207170
207610
200710
104900
97330
108710
211580
211420
730
218640
212680
204360
49520
202970
202990
212910
42160
203140
200170
208200
219640
201790
220740
221020
220700
223390
228280
227300
218130
230410
238960
227100
21690
221040
34870
203160
107410
233450
216250
44350
113020
219740
322330
219990
215530
218620
242840
242920
233250
39140
239030
239070
248820
200510
239820
252490
249990
241540
209160
209170
205650
234670
202090
257350
243470
250400
261030
262060
264160
266010
39150
211820
221100
230230
373420
268910
269210
269770
235460
271290
247730
271590
236430
272470
274190
222880
213670
239160
222900
254700
200110
283640
287700
286160
295110
433850
213850
301520
304050
238090
307290
311340
247950
227940
316010
215080
258970
326410
268050
332650
323470
334230
250900
273350
339200
319630
341800
346110
239140
291650
238370
335300
255710
297130
359310
359870
367500
365590
384180
386360
410380
236110
369200
418370
339340
429570
39210
436520
438100
384490
236870
374320
449540
205890
377160
469600
50130
359550
485510
460930
504370
402570
454650
530620
530700
560380
574050
578080
582010
582660
584210
591420
601430
378540
630100
637670
646570
589360
435150
488790
755790
637650
570940
844870
681660
859700
731490
884660
955050
961440
583950
883710
814380
1046930
