4000
220
340
380
400
420
500
550
8190
620
105600
22490
204360
49520
217490
219640
99900
109600
113400
208090
212500
218230
230410
236390
238960
214420
265630
224260
108600
211820
367540
222880
291860
293540
238460
301520
304050
304930
311690
312530
312990
227940
269210
317360
238010
323850
261640
730
333930
339610
346900
348670
355180
364470
365670
322330
372800
376570
382490
291550
397900
403900
299360
236110
280790
431960
244930
444090
449140
273350
513560
337000
529840
534500
537860
542340
547680
555570
563560
302590
564710
436520
578310
581470
588430
603570
607260
630100
643270
204300
646820
386180
394230
218620
674940
711810
629520
723780
466240
480430
755790
662320
433850
869760
984110
225600
219830
