10
50
70
130
220
340
240
1200
380
2100
6860
6980
1700
4540
475150
4560
228200
4580
4700
4760
4770
420
9450
20510
17300
17330
20900
12200
16450
17480
17410
11480
10500
1250
25900
33100
33110
33120
33130
22330
21980
6060
21690
6020
40300
17450
24790
550
32430
22370
39510
3730
47730
33340
3130
10680
43110
21090
21110
32470
33910
33930
34270
4850
57300
63910
8930
39500
65540
40800
9010
50300
55100
65600
42910
34330
620
105600
21100
55150
48000
46560
63940
34830
102600
110800
39690
65610
32800
41070
35720
105450
204880
64000
204340
67370
22490
58610
20920
204860
207170
210350
207610
40390
204100
91310
108710
201790
730
208580
214250
200260
7830
204360
200710
34030
219150
208200
219640
203350
214870
220740
55230
4500
223470
222980
4570
9310
228280
49540
224580
221040
225260
24480
34870
44350
216250
234650
65930
204450
214340
215530
72850
241600
233250
220240
239030
235660
218620
236850
250320
251170
252330
252490
253980
214950
217980
8850
409720
246760
219990
233130
257350
213670
241910
49520
217490
261030
261110
262060
40950
9200
218640
244450
237990
39540
39550
245050
274170
222880
278360
48700
48720
239160
281640
286690
287390
289300
289620
233290
292910
201810
245620
289130
203140
205930
15620
20570
56400
254700
226840
304930
238090
289520
63380
256190
312840
313480
206420
265300
319910
238010
203160
221380
220440
302510
323850
272470
241930
307690
238320
261640
330840
274940
305620
325610
319630
345260
346110
301910
235540
356570
360940
362890
316430
365720
368360
249230
219740
292030
373420
341940
376870
378610
383870
234140
391540
391720
400170
15700
377160
311210
411300
415610
239140
429570
391220
364360
462780
474960
498240
508900
403640
533300
536220
362960
337000
489830
562220
566160
575640
578080
591420
209080
610360
306130
645090
594570
658560
323580
698780
554620
368420
712100
799070
552500
203770
845070
232050
863550
439190
611500
356190
304390
96000
510840
961440
638070
395170
231430
308600
285800
774241
343710
1046930
331470
