4000
9450
13210
21000
1250
10180
10190
550
24960
33220
33910
33930
8930
47870
47780
50300
24240
72850
63380
115320
10
730
203140
226700
227300
238960
107400
262410
224260
224580
221040
222480
242760
91310
216250
218620
219640
252490
243800
107410
234670
219990
262060
40970
263280
264710
108600
44350
215530
265300
269210
270880
271590
222880
239160
278970
246620
222900
206420
298160
286690
287390
301520
302830
304050
304930
250400
227940
313740
65980
8190
203160
322500
265550
21690
323190
404730
241930
238320
324800
270850
209650
274940
332310
305620
234630
282070
334040
335300
340540
342380
316390
201810
350080
255710
355840
306130
359320
360170
232090
364470
367500
372000
322330
374320
375200
385800
389430
329050
391460
393420
244450
225540
234140
359550
239140
433530
438100
235460
444090
444560
474960
223100
383180
273350
503300
438490
460870
508190
329430
292030
535490
538810
287700
311340
550650
555570
577460
578310
289130
588430
619910
621060
648350
755790
368230
626690
304390
761890
