10
80
100
240
4000
13230
13210
35700
24240
207610
730
221640
47410
102700
113400
211500
218230
230410
238960
243870
39120
237310
242720
265630
223750
224260
226320
246280
224220
234650
65930
35450
233130
260410
261110
268870
271590
273110
279640
281920
282660
286570
293540
293560
299460
301520
304050
304930
63380
291480
227940
314280
265590
317250
323370
238320
326960
331200
332070
333930
337410
346120
346330
346900
355180
360620
363970
380600
386360
291550
391720
365450
280790
413850
413855
314000
438100
444090
454600
479130
555570
8500
564710
588430
219640
218620
323580
231430
368230
787790
252490
812140
863550
13250
334210
