4000
3590
620
105600
206370
214970
204360
236390
214420
8870
246900
218620
252490
700580
252950
249130
209160
209170
264710
268910
271590
222880
286160
286690
287390
301520
303610
304930
227940
322450
323850
326460
331470
274940
730
333930
334100
337320
343780
307780
298630
352070
350080
356040
363600
322330
381210
386940
291550
387990
394310
397900
421040
391220
359550
623990
239140
431960
433340
434460
437610
438100
444090
444270
444640
448240
448320
462680
467900
377160
379720
477160
480450
489140
489610
507010
509980
516890
521150
521230
525150
530390
547820
548430
552100
444200
557810
8500
559030
559650
438740
578080
582550
588180
588430
588690
589670
589870
597170
609320
646570
648800
657200
666570
671620
673950
674940
686200
695970
700330
466240
745330
746140
759750
785740
795100
813820
823130
834740
846800
728880
914260
555440
