4000
15100
17300
12210
35700
21670
21680
40700
550
46420
21090
34270
50130
55140
55100
91900
104200
91200
105600
20920
48000
32800
200110
9200
110800
102840
207610
63380
205350
200260
204100
50300
108710
35140
202170
200710
204360
211400
17460
226700
223850
109600
203290
230410
238960
223710
224260
34870
225260
232770
227480
210770
228300
65930
236090
231160
237110
72850
224420
35720
242760
91310
216250
207140
368730
218620
235600
219640
252490
253980
231330
49520
107410
22120
22140
22180
233130
247000
247910
260230
238430
209000
261110
261530
242700
243800
215530
265950
211820
267490
218640
269790
270910
7670
8870
409710
409720
247730
271570
57300
239200
222880
275490
278360
239160
200170
217200
233840
282140
287120
36700
227560
288160
233290
33910
291010
296300
298600
238460
298930
227300
302060
302080
203140
214340
219910
230820
243200
268540
286690
287390
301520
301640
304930
250400
306350
263060
220240
233270
227700
310850
206420
255070
220820
318600
238010
203160
274940
268050
321260
321920
322170
258520
400430
323370
302510
241930
239140
238320
324800
258970
1250
24240
730
298110
282070
333930
319630
343710
271590
344500
344880
345220
301910
346110
350500
354500
494710
351030
355920
235540
306130
345180
222420
222440
222940
361600
293740
366440
367520
369200
369290
370510
371510
220740
255320
314810
331600
365590
383930
261570
387290
387850
391720
234140
375960
225540
398920
399820
360170
402710
15700
241560
359550
431960
439350
444090
454690
456690
223100
466350
473480
486810
314710
495910
273350
449800
524220
530700
307780
537360
489830
550650
553640
560380
578080
582500
594650
305050
674940
323580
236870
544920
440900
931180
863550
439190
873240
874240
