10
80
240
4000
550
620
200170
13140
38830
99900
99910
102700
104700
106010
113400
203290
206210
207230
208090
212070
212800
213650
215870
218130
219340
221080
230410
236390
238110
238260
286080
265630
224540
252950
247120
262410
271590
282660
293540
301520
302830
304050
304930
291480
312990
9880
227940
226320
293500
205790
17570
730
346900
355180
361420
322330
381210
377260
387990
400040
299360
225540
359550
623990
438100
444090
485610
537860
550650
552990
438740
578310
586090
588430
596170
607200
619910
386180
218620
657200
674940
698780
700330
466240
480430
755790
880940
