92100
7530
3830
33120
207610
236390
238960
224220
65930
215550
237110
253940
254060
254080
254100
233130
255520
252150
242700
263060
263980
253880
271550
271570
279640
281920
284930
284950
351030
285090
285130
292370
292570
292620
297020
299460
301750
306040
306410
307070
313830
314450
206420
321150
238320
339470
341310
344040
344130
344910
345920
347560
349500
351150
350810
357900
360970
382080
382120
391720
396160
399790
400240
400250
403570
406210
407230
412130
412150
420970
422100
422250
428430
429280
434250
444220
447850
449220
449680
461910
463050
466730
466790
467370
485310
485420
486820
487220
489220
491080
500710
486480
503820
504490
508670
518800
521230
522570
526790
307780
535760
537860
542340
489520
547960
552990
554530
556120
562270
565340
575490
576440
578180
578600
581640
582280
351940
375230
600450
219640
628340
673760
368420
113020
15700
308040
662330
231430
368230
55100
319830
34270
232050
286570
439190
490220
730
905370
308600
