4000
6200
20500
8190
33910
33930
219540
8980
729040
56400
72200
105600
72850
64000
204860
212680
200710
209670
10500
45740
45770
57690
200210
224580
233860
233450
219740
322330
70600
65930
1250
224540
250340
219640
252610
49520
217490
219830
262060
108600
210770
12120
12210
550
244450
274190
281990
294100
58610
222750
251060
311690
312370
312990
233250
326150
327510
730
250900
329130
255710
356570
261640
364470
365360
365720
365670
265930
223470
386070
410900
444090
446150
455980
508440
512900
375230
32470
572430
646570
218620
304930
698640
231430
