500
550
8190
40950
40960
40970
40980
91900
620
105600
42680
42690
204340
205910
204360
214870
109600
113400
212070
218230
230410
236390
240320
272350
233630
271290
206500
226320
242760
233250
41070
244850
237110
91310
216250
220240
218620
242700
263980
271590
273110
237870
251570
278970
282440
266840
294100
222900
301520
304050
304930
224600
55230
206420
310380
9880
227940
265300
317470
200110
203140
265550
287450
302510
227180
17570
240
730
337950
316390
301640
346110
39120
354500
354510
354520
354530
354540
354550
363970
381640
386360
389300
236110
415860
239140
438680
374320
444090
379720
292030
307780
306130
630100
644560
386180
38400
755790
611500
304390
208650
