12500
70
220
380
420
15700
15710
20900
29800
1250
21690
24800
41500
41100
41000
550
23380
41010
47540
63900
3170
25900
8930
38600
583930
50620
462780
46450
21100
91600
22610
22650
620
104200
105600
16450
11330
46540
107310
35450
107100
11250
46520
113200
39160
39190
48900
92300
48000
108710
207650
20920
207150
104900
200260
212680
211600
63500
204180
211440
214170
206440
11260
65800
98400
201790
35140
211580
10
730
215510
211260
218640
214560
219640
200710
216910
218510
204630
220820
218680
203350
204960
1930
7520
7530
222980
209190
225140
225160
35720
221810
212480
203830
47410
99900
109600
207230
230410
238960
239220
225260
229520
230050
214730
233450
217200
219190
230700
232050
203160
224960
232750
224760
234940
222480
233980
239800
42910
225080
248470
248710
239350
250620
214550
29130
111900
22200
245170
207040
217690
606730
55110
39690
214870
257830
221040
259680
261110
233700
233190
263980
264730
215530
9200
249050
272470
274230
222880
275470
275670
234650
281450
282140
283880
254700
286120
289520
289620
274190
291130
249990
293180
293440
294040
294370
246900
294810
286160
295730
296910
298930
299460
302790
306040
306660
307230
307350
215080
313020
313830
317250
317400
317410
318430
318600
321800
322080
242640
323370
325090
258970
326180
329110
329380
330180
330270
330350
331470
305050
214340
219910
220740
230820
241910
243200
255280
255320
268540
334920
219740
322330
250900
339200
319630
341500
343100
9940
344910
347560
348550
287290
291650
355520
351640
356580
297130
359400
360380
360760
360950
363970
364270
364910
3820
375520
380020
382120
382300
382490
383330
383580
345180
386360
390970
391260
253030
396160
249650
255300
260160
265330
281750
314810
314830
323720
327220
339190
351860
382140
397500
398850
57300
407230
407900
230230
373420
412130
413150
418670
423230
428550
429680
433840
434610
351940
311860
329000
331790
340650
385070
385080
391660
412170
412210
412290
416040
423710
438010
438020
438030
444460
444480
444490
447920
448630
448640
453820
454890
457820
463210
463220
467000
467010
473470
486150
491650
513590
533820
563120
576120
576130
587790
591560
606330
778840
34270
205230
205950
444720
445980
446990
449220
4570
4700
4760
228200
454100
205890
460790
461910
462770
379720
471010
477290
487220
495120
498500
509220
514900
292030
525150
528300
531640
537180
362960
552160
555710
562360
565020
567170
489520
37000
575580
588650
591420
593280
588730
601650
511800
606680
610080
613590
618030
639780
639790
640430
643880
218620
480640
654300
655260
704450
368420
113020
435150
718090
308040
725340
727760
552700
504370
368230
496300
209670
585450
859680
270550
439190
391720
916730
356650
640820
43110
638070
204880
370910
