4000
4500
70
220
15170
20510
20900
22300
22320
6000
8190
42700
42710
22490
7520
620
105600
24240
41070
20920
50300
104900
17300
17330
108800
730
219150
219640
1930
72850
17080
109600
230410
238960
272350
223710
223750
224260
241640
253710
263540
235720
207140
368730
218620
206420
252490
252950
209160
209170
249130
271590
222880
225840
246620
286570
286690
286940
287390
291010
291210
293180
298240
304050
227940
317360
274170
322170
221040
238320
331120
319630
316390
236430
344040
346650
353550
355840
360760
363970
364470
364690
292030
373080
373330
223470
381210
390970
404580
427730
431240
431960
530700
307780
550650
444200
575640
578080
588430
592600
615050
386180
674940
554620
231430
433850
35140
