220
340
2100
2130
240
4000
6910
2290
409710
400
12900
500
10
20
30
40
50
60
70
80
100
130
280
300
320
360
380
420
12210
9450
1250
16600
35700
6060
24860
550
41000
564310
38700
24960
41010
33910
33930
70300
60600
21100
620
105600
91700
55150
32800
91310
24240
3830
41070
201570
67370
204340
203810
200710
104900
35140
209080
730
206440
55230
219640
211400
214870
220240
219740
322330
43110
203160
204080
219890
51100
99900
113400
218230
230410
209870
223710
206500
224260
221040
225260
229520
232950
21690
8870
44350
210770
222480
234650
65930
222730
35450
218620
35720
233980
242880
239450
207140
368730
234390
239350
253530
253900
253980
254060
236510
22120
22140
22180
233130
257750
258200
247000
49520
221910
238430
261110
252150
265930
266210
211820
367540
268850
270150
270370
271820
254460
222880
274520
225840
280160
281990
282440
282900
285840
286160
287700
290930
291330
41050
41060
227780
297020
351030
236830
282800
298260
238460
299260
203140
65790
95400
304430
304930
63380
307050
307110
311690
291480
244630
312840
227940
313740
317360
319910
321040
331120
333600
333930
335300
257510
250900
339800
342380
343270
344040
345650
346290
349480
351800
45770
360170
232090
365300
238370
104200
263980
315430
341500
368990
375460
223470
381210
345390
385800
391270
391540
204180
274560
314450
393360
394690
397550
397680
391260
397500
407230
402180
57300
205100
403640
405640
15700
409720
233740
414700
417860
417990
475490
287290
422250
423880
92100
351490
360380
370510
429720
264240
438100
364360
34270
4720
374320
444090
444220
447820
467950
468490
359550
48000
496920
273350
505210
402570
508180
512250
514990
528660
530620
543900
552500
556280
556870
563560
567280
567290
567580
578080
582010
582500
583760
586620
586960
586970
351940
460930
603750
9480
460810
236150
204300
305050
650700
17500
677620
323580
679990
698780
700330
368420
113020
308040
720280
239140
466240
504370
231430
368230
787480
796910
797470
804320
236870
823130
513780
203770
842910
863550
611500
878750
334210
365450
304390
491950
510840
961440
638070
555440
204880
285800
343710
632360
370910
