10
70
80
220
240
280
300
340
380
400
420
500
550
620
730
1500
1200
1230
1280
1300
3800
4000
2990
3970
6220
6850
6860
6900
6880
6910
6920
6510
2270
2280
2300
2310
2320
2390
9010
9030
9050
9070
4500
7940
2590
3020
12160
12140
12150
12900
7670
409710
12750
12360
20510
17300
17330
17340
16730
17460
9480
17470
17410
15620
16450
22120
22140
22180
24740
22200
26800
1250
35420
7850
10150
22330
9860
32360
3700
34900
27900
11370
36000
20530
20550
29180
21690
20500
667720
24860
32200
32160
18110
12840
22370
15190
15200
15210
15220
15230
15240
15320
15390
19800
18820
24980
13520
19900
41700
8850
409720
42120
24960
43110
35140
39630
39640
41010
46420
46430
8190
21090
21110
21120
34010
42670
39670
50620
462780
42500
4760
57300
41000
41050
41060
227780
45740
2800
2810
2820
2840
2850
201310
8980
80360
35460
7520
40380
27000
31410
36700
37000
50510
227560
47780
42910
99830
46460
44320
321040
70000
26500
92000
249610
72200
92100
46500
46510
57900
91700
21100
19680
11280
3270
39530
39560
65560
91600
50130
55150
96100
97100
28050
98600
24240
55230
3830
201280
9200
110800
72850
41070
57400
200260
12130
22350
38600
583930
2400
2430
67370
65300
204880
22380
203810
98400
206760
108100
207150
207610
206370
104900
46750
204100
200390
12790
17710
50300
91310
362410
212010
108710
202750
115320
214340
209080
211180
215670
200510
204300
200710
206440
46250
49520
217690
215790
218640
204360
7510
18450
18460
205100
218680
223470
220460
4720
214870
1930
26900
220240
202970
202990
212910
4560
55110
228200
46260
224420
12110
4570
220440
224900
220090
219890
109600
223710
262410
227100
203250
8870
225140
232950
232770
8000
203160
44350
216250
233230
234650
234940
204450
233270
65930
228300
231430
238210
210770
225360
35450
209540
234160
236370
242780
242880
233250
243120
242110
244690
225160
246420
234390
247370
217140
243780
242940
239070
248530
248820
218620
47790
209000
239200
226720
250380
250460
251060
251310
251430
251690
251770
251910
252010
252330
252570
252630
243450
243800
231330
215630
255280
255960
256190
247660
256350
233130
258010
258050
247910
259470
259550
259740
254440
260550
238430
261110
217100
252150
261490
261760
263860
264240
264340
264540
264560
264710
226980
265120
265380
265790
265830
266050
266130
266940
267340
226840
267530
260690
12310
262940
269330
269790
269990
271570
228380
272860
232790
272490
222880
277110
277520
278360
280200
281370
235210
281750
282140
282620
283290
283390
254700
284390
284710
284750
284770
284830
284850
284890
285070
285500
286040
286570
286810
286830
258180
287980
288160
288880
289400
289480
233290
289890
290770
290930
291010
291270
291710
270550
292410
261510
292910
293180
293240
293320
293940
201810
43160
296070
296630
296710
296770
296830
297100
297490
299460
299840
300200
300220
300380
300550
300570
203140
286690
287390
301480
301750
351030
301860
302120
302190
253470
302690
303390
95400
303840
304050
18400
305380
241240
250400
205650
63380
224600
306950
310380
280740
311820
312230
312640
312840
55100
313650
265590
206420
315430
248470
311250
317400
317510
313340
242130
318220
318430
318600
251730
319320
249190
319850
319970
320540
321360
321480
321870
321920
258520
400430
322900
322970
323060
242640
323720
302510
241930
324260
307690
238320
324750
260330
325520
326180
327410
327510
261640
328460
329380
330580
330660
330990
331340
331760
331980
332830
333860
282070
215470
334070
334210
334300
335550
336610
326410
338050
338320
339110
339130
319630
341060
341510
341980
342350
342580
343090
343270
343360
343440
343710
346040
346560
347710
348450
348530
349140
350010
287290
351150
351340
310890
357290
357600
357720
359350
359560
360150
360380
360640
360650
360850
360890
344410
364270
365420
365810
368650
368990
40300
40390
249230
371010
371210
371510
371670
374410
375510
274560
378270
378930
382120
383330
383930
384480
384570
384740
367580
385270
386420
386590
387070
388420
306040
314020
355150
390910
391300
391720
253030
393200
396800
397430
225540
400370
400740
401190
401680
402530
15700
406150
406970
407810
408110
409290
410110
410120
410130
410710
415420
416260
418180
424000
425580
314000
427930
428630
429610
434570
290790
442120
443420
447310
448350
449760
450050
451830
451880
453960
454200
454230
454670
455940
457440
382420
457480
457760
458030
458520
459100
460060
461840
461880
462680
463150
463210
465720
467000
468320
324060
468570
469890
473050
478010
482300
489360
489890
491330
491950
495110
497080
497260
498040
498620
500590
486480
505210
506730
508180
509240
511340
513620
518620
538590
542730
211400
553340
555670
555750
556280
560730
567060
567580
567800
568930
575920
575950
576980
578250
579760
581100
208140
587650
351940
601340
603890
608800
610310
236150
305050
674750
323580
368420
513780
304390
510840
370910
