220
340
240
4000
6860
400
12130
12900
2700
13520
19900
20510
10090
17390
1250
35420
38400
38410
500
550
43110
8930
55140
40800
42910
620
105600
19680
17470
47780
50130
113200
72850
2400
2420
2430
200710
203730
239430
206440
108710
202750
17300
17330
202170
10
730
49520
215790
205790
218740
223470
218680
221640
208480
218230
230410
243870
209870
223710
250600
224260
232010
219740
322330
231160
239450
238240
248820
218620
238320
250620
222880
252490
700580
205100
107410
247140
264360
9480
206420
265890
265930
266010
211820
367540
218640
270210
7670
8850
8870
271900
251570
278360
22100
281990
282140
270550
301520
304050
304930
250400
63380
268420
269210
319510
268050
332800
250900
230290
340200
341720
346110
271590
348550
255710
356670
232090
360740
361420
365720
237890
260130
45740
220440
228300
383120
384180
261570
387860
391540
57300
408250
233720
327890
208650
243470
423880
376300
359550
405640
433850
383870
374320
444090
448280
450390
450540
275850
381210
273350
518030
324810
553640
555160
568220
578080
582270
611670
306130
617830
657200
661430
240720
702670
435150
753420
755790
773670
546050
632360
