10
240
300
320
4000
12360
17300
20900
17480
17470
24740
29800
1250
35420
3590
24800
550
42120
33680
17410
40800
92800
70000
400
620
104200
91200
92100
105600
11280
55150
96100
42910
42680
42690
111400
24240
113200
55230
3170
63910
45410
201570
202090
205790
220
18700
26500
26900
41100
70300
22490
20920
203630
207610
204180
108800
50300
209330
96300
214340
46320
730
211420
214790
214560
49520
217490
202970
202990
212910
219640
43110
223470
222980
35480
218130
35720
204080
238960
245550
225260
230050
214730
113020
72850
237110
243780
218620
47830
214550
222900
252950
253980
217980
213670
209160
209170
260750
260770
261110
261180
262280
221380
263860
263980
265930
221100
268240
268870
268910
269210
270370
251970
271590
203160
273110
274190
222880
274560
275470
278360
239160
246620
282440
284950
351030
286360
291010
292380
201810
295690
41050
227780
297020
299260
8980
286690
287390
301750
303390
306040
8660
63380
307070
312280
312990
314020
314450
206420
315430
317250
317400
318430
318600
321040
287450
240760
238320
326180
261640
282070
339120
340070
341310
341500
341800
344040
344910
351490
355150
355520
355840
7670
8870
409710
409720
360380
360620
360640
364270
366890
367000
219740
370100
370510
371670
322330
230230
373420
377290
380020
391070
391260
391720
391420
394540
395170
396160
397500
399790
365450
405610
406210
377160
406970
407230
287340
44350
410210
416080
314000
359550
623990
429180
429470
429700
431710
433850
434420
436150
439250
266840
440760
34270
444560
446640
461140
461640
463350
381210
475550
485580
487180
508670
520530
292030
307780
538100
542340
567090
576560
578080
587590
588430
323580
15700
38400
755790
761330
368230
228200
823130
513780
203770
232050
270550
439190
490220
480490
304390
402390
510840
285800
343710
1046930
