4000
6860
220
40800
99810
105600
110800
205790
204180
108710
730
212680
214970
219640
207230
236390
238960
263500
223390
223710
202090
206500
245550
224760
72850
41070
237110
239030
218620
250340
253980
217980
233130
261110
211820
550
271290
271590
57300
239200
222880
282440
236430
291410
35450
287390
301520
304930
63380
311690
238010
242640
307690
331360
346010
346180
8850
8870
361780
367500
367520
252950
291550
391540
431960
205230
475150
50130
443080
273350
530620
542974
302590
578310
249050
588650
386180
700330
466240
307780
252490
359550
611500
304390
961440
976310
1046930
44350
