2500
2990
6200
6250
7600
7610
7620
4760
11200
11230
3050
13530
9480
15620
25830
23310
24740
12460
12470
35700
3700
11390
32370
20500
667720
20900
33570
33580
3130
39500
11280
11340
43110
46420
57200
24780
70900
50620
462780
22380
92800
93200
104200
91200
105600
98510
42890
107300
107310
55150
96100
112100
63000
17710
92210
55230
33530
57600
46570
201570
203770
204030
58610
40390
203630
207610
206020
207350
214170
113200
211580
208580
204300
200710
218020
205100
204630
214560
219760
215930
218680
44690
220700
21400
228280
57690
230410
236390
238960
248570
250740
202090
206500
226320
239220
257730
8930
233860
224500
227720
228260
232770
44350
113020
3910
219740
225600
234650
234710
39200
237430
234490
236090
206190
241600
213030
237570
242760
239450
246400
234390
246960
246980
241620
239070
248710
248820
249630
239820
250340
252490
25800
253980
254000
254960
227300
15320
219990
257890
25910
259530
261430
261470
40950
263300
263820
264140
264360
264730
108600
37030
266210
211820
241410
268870
269210
271290
267670
237950
272010
274560
25890
275490
46770
237890
277430
277450
48720
278460
280140
281370
282440
283290
289400
291550
292230
4880
115200
294140
20510
227780
296910
298160
237930
299700
301520
301190
301200
303690
304050
304930
8600
8660
307070
311720
238240
313730
314240
274900
315260
317950
6880
8190
238010
321040
307690
324570
328080
289130
329310
253470
276810
335240
345520
346110
230190
347560
355520
351640
356040
356260
356670
248610
363970
367520
372360
372800
374320
386070
391260
57300
404790
405900
413150
280790
420520
427520
429680
360730
442500
34270
205230
205950
444090
4570
4580
4700
9310
228200
453100
453480
377160
397060
531640
531680
560380
578080
208140
603850
630100
200510
651660
323580
680360
368420
38400
504370
774351
359550
1046930
761890
226840
