10
80
4000
6220
12120
24740
6060
3700
8190
42650
22490
47870
70000
105600
46500
46510
43190
201870
72850
41070
20920
104900
200260
223470
55230
214510
227300
262410
203160
222730
242760
225080
252330
253920
255320
249130
218640
57300
239200
278360
239160
282140
285800
304930
306040
8980
49520
217490
215080
312840
227940
206420
315440
317250
214490
307690
238320
321360
274940
730
218620
215470
319630
219150
274170
340540
348020
301910
352400
356670
359350
365720
380020
386940
414070
429700
434570
438100
441870
444090
491950
273350
509220
527450
530890
545250
546390
555570
575640
588430
633251
657200
671390
692920
696590
700330
15700
608990
319830
433850
513780
845070
851530
437220
96000
402390
43110
343710
