220
340
320
360
380
4000
420
550
41000
24960
8190
42700
42710
22490
40800
47780
50300
620
105600
55150
42680
42690
24240
67370
108710
108800
730
49520
217490
208480
202970
202990
212910
219890
72850
11020
99900
208090
212070
230410
236390
240320
272350
223710
271290
203160
43160
237110
224540
218620
235600
219640
252490
252950
254020
247120
261030
209000
221100
211820
268870
268910
269210
270370
271590
57300
239200
273110
222880
225840
285500
286810
243470
290930
296300
238460
301520
95400
304050
304930
227700
310370
311690
244630
227940
247080
317360
317400
200110
318600
331470
333930
219150
274170
341190
355840
356670
261640
365450
343440
374320
374570
376570
257400
381210
386360
387290
291550
387990
377160
299360
412470
413150
420530
431730
431960
438100
383870
444090
365590
461950
466270
468560
379720
481510
361300
530620
541570
552990
557340
8500
302590
588650
622650
572520
630100
641390
204300
386180
698780
700330
719750
38400
504370
755790
613830
804320
863550
611500
304390
43110
