240
20900
2820
22000
22300
10180
10190
550
33910
33930
219540
57300
42700
42710
22490
45500
400
620
46510
21100
42680
42690
72850
41070
108710
20920
201790
730
205650
49520
217490
10090
202970
202990
212910
109600
230410
238960
271290
224580
227100
216250
35720
238320
250320
222880
209160
209170
219990
247730
213670
221100
230230
373420
268050
203160
214490
274520
281920
287390
288470
288880
233290
256290
222900
209650
209660
302510
240760
317250
261640
321040
250400
323190
221040
239140
330840
331120
282070
252490
700580
255710
355840
363970
371670
381210
386360
393420
393380
407300
388410
359550
475550
476880
480490
494230
505040
523650
527440
530620
292730
393080
393100
533300
550310
418370
578080
588430
591960
605530
635200
218620
377160
411300
476620
435150
761620
812140
552520
209080
608800
717690
