92100
55150
108200
218640
225260
210770
65930
253650
257830
252150
263060
271570
278360
284930
285010
351030
286120
286570
292370
292410
292570
294040
299460
303390
306350
307070
265590
315060
321150
326120
350810
354860
357280
357900
358080
360970
362610
42120
371570
375460
378100
382120
400240
400250
400370
406090
414290
414580
422100
422250
428430
434300
447850
449680
452920
455710
461730
463670
467370
475220
476480
485310
489220
503820
518800
522570
526790
529240
535760
540900
541370
542340
489520
546400
529760
547960
554530
556160
557260
562240
562270
566060
422870
575490
575860
576470
576880
583490
585860
586380
587830
351940
607270
498320
619400
622170
627690
236150
305050
218620
323580
680120
233130
365170
368420
113020
15700
308040
368230
770350
319830
209670
57300
513780
203770
232050
270550
863550
439190
490220
209080
878380
334210
391720
365450
222880
696370
304390
654310
96000
491950
402390
510840
638070
395170
231430
204880
308600
285800
343710
370910
44350
