220
4700
4000
10540
9480
10500
17390
21760
21910
16720
6060
34600
34420
24840
10180
10190
34000
550
32440
22370
34030
41700
48700
24960
8190
33910
33930
219540
39680
21970
50130
34220
12210
12220
45410
34330
24400
55100
8930
48720
105600
20920
28050
33420
107100
63940
71270
42680
42690
113200
55230
72850
202200
105450
203770
64000
58610
108710
22380
207610
50300
63380
104900
7670
108800
46340
1250
202170
730
200510
214910
207890
212680
7830
202970
202990
212910
208140
42160
203140
219150
217790
219640
218090
214870
57690
214610
223470
220240
43110
25890
12110
224420
42910
224540
227300
223810
223870
218230
230410
236390
238960
262410
224260
224580
233860
233450
8870
43160
65930
204450
222730
236850
233250
1200
1280
35450
236830
231430
237110
91310
214950
239030
248490
218620
47790
237890
250320
250520
250640
227020
251060
251570
251990
252490
252610
217980
245170
236510
241540
209160
209170
8850
242860
256190
231670
242460
233130
49520
260230
261030
262060
263280
263400
263980
264380
108600
211820
267530
221100
269250
270090
270150
270170
203160
244450
273110
222880
213670
279440
282070
282800
282900
227100
247910
286690
287390
287700
289300
294100
201810
294860
298050
304930
307050
310560
311340
312640
291480
227940
313740
206420
65980
321040
274170
295270
241930
239140
307690
213330
331360
331470
333930
335300
319630
341720
343270
346940
348620
349700
355180
255710
355840
356040
357310
363930
316430
365720
367000
368950
370040
244160
219740
322330
373770
341940
244050
376870
377160
383080
386360
387860
395520
378120
426000
429570
431960
411310
310380
440090
325610
374320
444090
107410
365590
459820
461950
394360
475150
475550
302670
281610
368230
496300
505730
360430
289070
536220
392110
540610
489830
552990
530700
302590
589290
592580
418460
630100
633460
644560
305050
664620
680360
624090
698780
476600
379430
537800
236870
306130
712100
638970
334210
356190
872790
