4000
220
340
380
400
420
8080
550
8190
47870
50300
620
104200
105600
21100
41070
108710
204360
219640
223470
113420
200210
208090
230410
236390
238260
240320
272350
223710
262410
265630
271290
202090
224260
34870
221040
221430
43160
242760
91310
216250
218620
206420
251570
252490
241540
273110
274190
222880
286940
222900
298240
301520
302830
304050
304930
8980
217490
227940
317360
200110
265550
203160
322170
274940
240
730
341800
236430
349700
355180
232090
322330
381210
386880
393420
299360
407560
239140
431960
433850
434730
474750
273350
312660
544920
555570
571740
582500
506540
578080
657200
674940
698780
700330
709410
629520
466240
755790
756880
796480
813820
823130
823160
611500
880510
304390
437220
