1002
4000
400
13200
13210
13230
13240
13250
15100
20900
500
18500
10150
22330
9870
21980
6060
6000
21670
21680
11390
39800
35000
20500
667720
32400
6020
550
32440
10680
32430
22370
45700
33230
24960
8190
21090
21110
21120
32470
22380
32500
47810
21130
40380
35130
21000
31290
94500
94510
94520
94530
50300
21100
42910
99810
48190
70000
32510
44320
321040
620
91200
20920
57900
22450
16450
19680
17430
24740
24870
47870
47920
8980
729040
22230
32800
107100
24240
201870
9200
91100
110800
71340
41070
204030
67370
102500
208580
203750
201700
209120
104900
32370
204100
207020
12750
12810
6910
6920
28050
201280
91310
108710
202750
211420
115320
212030
202170
214340
12210
12220
216110
204120
213330
11450
12710
200260
220200
208500
49520
200710
205100
223220
211400
203680
202970
202990
212910
45740
45770
224960
225300
225320
224980
225000
214510
224420
220440
208480
4540
4550
9350
9420
9480
15620
20550
20570
43110
50620
50650
55100
55110
55140
55150
55230
56400
96800
228200
462780
212480
209540
223850
57690
212500
230410
243870
226980
227100
225260
203160
234490
8870
216250
44350
210770
3910
232970
228300
234290
234650
234160
215690
65930
204450
43160
222730
236090
231160
72850
35700
35720
225220
217140
204530
39140
237110
239250
8850
409720
214770
224060
234080
214560
860950
218620
9710
249650
235600
209000
242570
245280
249990
250050
206420
250460
111900
252350
252750
245170
254060
236450
243450
227600
243800
217920
255220
241540
209160
209170
249130
247660
233130
255520
250400
247910
35140
238430
261640
264200
242700
215530
265300
265550
265610
266430
4800
267490
267530
268850
268870
235460
271590
266330
274190
222880
275610
277430
278360
239160
213670
279990
235210
281920
282050
282530
285160
286570
286690
36700
227560
287390
233290
289690
201810
20510
296770
35450
236830
203140
205930
292120
65790
45760
304670
238090
8600
211500
63380
224600
13520
19900
220240
233270
310380
310510
310560
311340
311770
312990
313690
314070
316930
226580
318600
319850
258520
400430
21690
221040
302510
214490
272470
241930
221540
312860
238320
324800
258970
212580
267550
213120
330830
241560
298110
335300
257510
301910
323470
239140
307780
351920
352400
350080
311560
255710
357190
357780
345350
359900
1250
35420
232090
363440
268050
365720
240460
367450
292030
208650
387290
391720
234140
365450
405310
407840
236110
231990
272890
225540
419080
368500
421020
236150
371660
245620
431960
438680
354380
442120
374320
444560
394230
460790
34270
200940
379720
234630
521200
287700
540840
489520
489830
493340
577940
588430
391220
601510
600750
209080
608800
619910
204300
377160
723780
726590
504370
231430
310950
488790
684410
570940
356190
460920
252130
226840
