4000
12120
19200
550
24960
105600
24240
205790
204100
216110
10
80
240
730
51100
109600
113400
200210
208090
230410
236390
238960
258700
214420
248570
262410
265630
202090
253710
224540
218620
264460
211820
367540
273110
282440
286940
293540
35450
236830
301520
302830
304050
304930
63380
291480
312990
227940
247080
200110
233720
331470
335330
338180
346900
355840
356670
363970
365450
380600
385770
291550
253030
57300
299360
388410
462780
444090
205890
485650
48000
319630
526740
557810
386180
809960
359550
623990
884660
611500
304390
1046930
