20
50
70
130
4000
2270
2310
13240
17300
20900
24840
32440
22370
43110
35140
9010
17470
47780
24240
22490
20920
63380
108800
200260
49520
238070
223710
224260
225260
232770
43160
65930
91310
216250
10
30
40
80
100
220
240
280
300
360
380
400
420
500
550
620
730
218620
261110
209000
4500
20510
41700
273110
222880
225840
281920
286570
289620
292570
293180
294230
286690
287390
301700
303390
304930
38400
38410
307070
256190
291480
265590
203160
322170
238320
211420
215470
335300
346630
349500
287290
351150
201810
350080
355840
232090
336420
362890
365300
374320
223470
378270
383150
383180
10680
391310
391720
393530
395170
400370
365450
420850
429700
431710
431960
434820
444090
448780
449680
465360
379720
488280
491950
273350
502140
509110
292030
526790
7670
8870
409710
409720
537360
542340
562220
567580
588430
591420
524220
599100
601640
498320
633251
689750
377160
698780
22350
15700
368230
34270
209670
236870
433850
570940
203770
844930
490220
13250
209080
611500
878750
927890
304390
963690
638070
1004240
331470
