1700
12320
20900
3170
25900
63910
42910
105600
49330
65800
72850
217490
99900
109600
212070
230410
238960
263500
235340
233860
214730
48220
218620
225280
219990
242050
262060
264710
221100
251570
48700
289130
226840
304930
307880
316010
323190
326360
327690
331120
274940
336520
346110
407530
355840
359320
364470
322330
372000
361800
376210
376570
380600
377260
290340
389300
236110
280790
219740
433340
444090
446270
466560
466780
468490
487120
273350
402570
529180
489830
563560
582500
588430
593600
306130
630100
648800
667890
504370
252490
848450
440900
392160
761890
