10
80
100
2810
240
4000
2990
12900
20900
25830
33100
22340
33210
6060
41500
39500
38700
10680
24960
8190
8930
38720
9010
42910
620
104200
105600
96100
65790
113200
205790
105450
64000
204340
201870
20920
104900
204180
206440
17300
17330
17340
108800
204360
200710
214560
219640
1930
202970
202990
212910
222980
227300
227280
228400
57690
11020
17080
51100
104700
113400
206210
207230
208090
211500
212070
212800
219340
227240
230410
234310
236390
238260
238960
240320
272350
214420
217750
218330
235400
250420
250600
265630
271290
42160
202090
206500
235340
239220
224220
233450
8870
222750
234650
233270
204450
222730
72850
241600
244850
224540
237110
239030
248820
218620
206420
255220
257850
259300
252150
40950
263980
264140
266430
211820
367540
268650
270210
270550
273110
274190
222880
275850
239160
278970
282440
282800
286940
288470
233290
289760
256290
295690
297020
298240
300300
239430
301520
302830
304670
304930
250400
263060
310370
312530
9800
227940
314020
207170
251730
203160
321480
258520
400430
221380
241930
238590
208750
329490
329830
331470
730
332310
333600
282070
333930
319630
219150
274170
340120
342980
236430
344040
346010
333950
346900
348020
35450
355180
255710
355840
306130
361890
363970
368650
343100
370190
372540
380770
381640
383080
385400
386360
387860
389300
390660
253030
396750
409160
50620
388410
462780
411560
225540
417890
437920
310380
34270
205230
205950
444090
449800
466500
48000
307780
489830
8500
343710
359320
