300
50
220
340
1200
1280
4000
2280
4500
320
380
420
20510
17300
17330
17340
1250
33910
3700
550
41700
43110
8980
729040
22490
72850
9200
2820
201310
49520
217490
223470
51100
113420
206210
236390
272350
251670
262410
271290
224260
43160
239030
252490
253920
263060
270370
273110
222880
225840
286810
286940
287390
291210
201810
35450
236830
298240
286690
302830
304930
244630
227940
220820
261640
331470
274940
730
305620
333930
337950
316390
346330
349700
355180
355840
232090
362890
364470
365300
365720
219740
322330
389250
389570
391460
434380
444090
377160
470130
492270
495890
519190
531960
444200
489830
436520
574820
591740
386180
218620
692920
251950
38400
513780
611500
