10
80
100
70
4000
220
320
340
360
380
400
420
500
7780
620
105600
55230
51100
109600
206210
222520
230410
236390
263500
206480
214420
223710
248570
250420
262410
265630
206500
224260
239220
246280
263540
233720
251970
260410
550
272060
273110
225840
293540
301520
304930
227700
311700
215080
312990
227940
314280
315640
222900
317360
200110
17580
17570
332070
335330
346330
346900
353130
354200
355180
360760
363970
219740
322330
380600
387860
417860
424280
461910
474010
273350
319630
525780
527450
533780
578310
588430
511800
607260
204300
218620
655790
666220
679990
698780
700330
773920
730
1046930
