220
1900
6860
8000
2310
2320
409710
8080
13230
13240
21000
17470
15620
29800
32730
1250
35700
4560
228200
6800
40400
41000
18820
3730
24980
8190
35140
46410
43110
21130
28000
45740
70300
35130
70100
70110
33950
7520
72400
47870
15700
15740
34270
50300
55100
92800
91900
22610
22650
70000
96000
91200
92100
42140
12140
7530
7760
46500
46510
107310
46540
55150
96100
200110
73210
102840
3830
41070
201570
200940
202090
38600
57740
67370
204120
65300
204880
35000
108200
20920
33100
33120
203630
207610
6900
211440
209100
211010
204180
204100
108710
202750
201790
20500
667720
212580
211050
108700
213120
209080
216110
240
730
11450
215510
200510
218510
204300
200260
218640
49520
217490
7510
219150
214590
220820
4920
211400
57690
218740
1930
224900
223470
55230
225600
215930
203140
205930
33110
224920
214510
224420
212700
4570
35720
220090
109600
206210
208090
230410
217750
262410
271290
224260
227100
221040
225260
224220
203160
204080
220050
233450
207930
232770
8870
227480
224600
44350
210770
216250
228300
234940
234650
43160
35450
224060
222480
236090
268540
231160
65930
237570
233250
243200
98200
239450
12220
225160
237590
239250
237110
234390
243780
244590
237630
231040
234080
233840
218620
235600
249990
206420
96300
222900
204450
233270
251060
251530
251690
251910
252270
252350
252430
253190
253650
245170
253860
253880
253900
253920
253940
253980
254060
254080
254100
243450
227600
217980
255220
255280
242980
243060
256010
257120
238910
233130
255520
213670
257830
257890
258200
250400
247910
242050
42910
259320
259340
259360
259740
260730
238430
261030
209000
261110
261180
233190
249130
249650
217100
252150
242700
262060
262280
209160
209170
263060
263320
263860
263980
264140
264730
215530
205350
265300
265550
9200
226840
267490
267920
267980
262940
268870
269310
269330
270090
270550
258010
270850
270910
550
271570
271590
271640
96200
271860
273770
224480
274170
274560
274900
275490
278360
278460
239160
279640
279720
279800
280010
280140
280930
281220
282100
282530
283290
283390
254700
284710
284730
284750
284770
284790
284810
284830
284850
284930
284950
351030
285010
285050
285070
285090
285130
285160
285800
285840
286040
286360
286500
236430
286570
243470
287100
287120
227560
287340
231430
258180
288060
288880
289090
289620
233290
290000
291010
267550
251430
292370
292380
292410
292570
292620
292630
292910
293180
293320
294020
294040
294230
201810
256290
295930
296050
296070
296770
296910
297020
298520
298600
299260
299460
299720
300220
300280
286690
287390
301520
301750
302010
302120
253470
303390
272470
301190
301200
305500
287450
306350
306410
63380
307070
307170
307230
307350
245760
308000
308440
311250
312450
312640
312960
313130
238890
313870
314020
265590
277950
314830
315060
315640
315920
318220
318430
318600
319180
319830
319910
238010
320540
241930
321040
321150
268050
321400
321800
321950
322210
21690
322910
220440
242640
45770
302510
240760
239140
238320
324760
326120
327410
209650
209660
261640
328600
24240
329380
211420
313690
330350
331360
318100
298110
332780
334070
334210
334560
335430
335900
336110
336250
336760
337480
338050
338140
339160
2400
319630
339470
339590
340320
340490
340820
304240
314660
342580
343100
289690
343710
344030
344040
344130
344230
344300
344790
345120
345220
301640
345920
346560
346950
347430
307780
347610
347560
348340
348540
301910
245470
287290
351140
351470
351570
335300
352010
329430
352890
274620
350810
352400
354500
354510
354550
494710
354860
355840
355920
356070
356200
357280
357770
357780
357900
358080
358960
359810
359900
360150
232090
360620
360640
360650
336420
360970
361190
361700
495460
47780
362410
362610
362890
248610
363510
363620
363930
364230
364270
365420
365680
364690
296830
366760
238370
368750
368990
369040
369420
369440
3810
3820
370090
371210
371390
371440
371570
371690
372490
292030
372820
328730
373970
374320
374570
374830
375010
375460
375620
375710
376560
341940
378100
378270
379290
380020
380770
381140
381210
8980
382080
382120
382300
382570
383180
383560
383580
383930
384150
385270
385400
385830
386260
386420
387840
388390
388910
306040
355150
391070
391340
391720
391740
253030
391420
311340
392820
385240
394680
394760
395170
396800
397340
397700
398680
398710
398850
399270
399790
399890
400170
400240
400250
400370
400630
360170
401680
234140
402390
365450
402840
402980
403180
403510
208650
403570
403740
405650
405950
238090
328760
406090
406310
406870
406970
340300
340310
371420
409600
409720
410110
410210
388410
462780
410670
412170
238210
410710
413852
414290
225540
414580
415590
415960
416080
416170
236010
311210
417430
418070
418180
418270
420740
420970
422020
422100
422250
423550
424830
339340
427190
427780
428430
429470
429570
429600
429680
431590
431710
431960
432170
391220
432950
433210
433950
434010
434250
434610
434730
290790
264240
437420
437890
438180
439250
440330
440760
440950
441870
443420
205230
203750
99300
443630
443940
444220
444480
444560
444260
446250
446640
365590
447290
447850
448000
448250
448470
448660
449220
449530
449680
448070
451000
438480
539720
562360
636150
451880
453820
453980
454890
454930
455710
455940
457590
457710
458470
458940
10680
461140
461690
461730
461910
462200
462030
462960
463050
463760
464760
465280
466580
466730
466820
466840
467210
467370
468330
379720
469890
470270
473520
474050
474910
475220
223100
476480
477290
383150
484830
269710
485310
485420
486310
486360
486820
486880
487120
487180
487220
487270
487370
489220
484950
489520
490220
491080
491330
491950
494290
49540
348670
496500
498660
500100
273350
486480
501900
503820
504490
504980
506670
497180
508530
509240
509840
510650
510850
511160
512740
512770
104900
514970
515910
517360
518800
360430
520530
521920
522570
523160
523670
324800
525510
526740
526790
527770
528090
529240
525070
531240
532030
534010
534110
535690
535760
536220
537200
537360
537700
538590
539450
540900
541230
541370
444200
542340
542350
542430
542690
545270
546070
546400
337000
529760
547390
547960
259170
549900
550220
550650
551520
553340
553660
554530
555700
555720
556160
558810
252850
560960
447040
562240
562270
562520
562640
566060
567290
567580
567800
438740
572520
575490
575840
575860
575910
575920
576440
576470
576560
576880
463150
578260
581310
581640
208140
582280
583490
584890
585860
586380
587830
588630
351940
595280
595440
596590
597030
597720
602890
605910
607270
378540
498320
610840
610930
219640
619400
622920
228360
623550
628760
285190
660740
675150
675151
675152
635880
636330
236150
643600
647050
305050
656180
656370
658160
659950
660400
661530
304530
666260
601430
679510
323580
683570
685000
282010
505170
705400
705420
365170
707720
710030
711150
368420
712070
113020
718090
718360
308040
720480
726720
418370
742460
751240
758920
759610
761440
762590
236870
368230
764410
764780
769440
775530
777270
778230
779190
783900
784000
785680
789510
791700
795100
34010
209670
804210
804320
810610
433850
439700
513780
826600
831770
838330
839890
840170
570940
203770
842560
842590
232050
853380
854740
863550
439190
871990
356190
884660
222880
696370
304390
510840
961440
638070
308600
883710
370910
275390
1048540
