4000
8080
24740
29800
11390
23490
43110
28000
70110
91600
104200
91200
105600
46510
96100
38600
203630
207610
204180
200510
218640
49520
7510
217980
99900
207230
239220
228300
224420
239450
30
70
220
300
380
400
550
620
730
234390
250320
251970
253190
253900
253980
238910
257890
258200
221910
261030
252150
263980
267980
271640
271860
57300
239200
251570
275470
275490
278460
222900
282140
283290
283390
285580
285840
286360
287120
291010
292410
292630
271570
293180
294020
297020
299460
301480
303390
306350
306410
307070
307170
307350
9480
55230
206420
312640
312840
314010
277950
248470
311250
202090
318220
8140
203160
224960
250400
295550
322330
238320
326740
24240
274940
333930
105000
203830
214340
220740
241910
255320
338050
339470
342620
343360
345220
355840
7670
8850
8870
409710
363620
363970
364690
366760
238370
371390
375460
378100
382120
385830
253030
398680
236110
400240
360170
403940
403740
414700
427270
428430
433210
264240
441870
447850
502880
319630
402570
292030
532840
252850
506540
629840
218620
648390
323580
236870
1046930
