10
240
4000
13210
20500
667720
550
42120
33910
33930
219540
620
105600
55110
70120
55150
24240
113200
205790
207610
104900
730
200510
49520
217490
200710
113400
208090
218230
230410
236390
238960
272350
265630
224260
226320
224580
233720
210770
216250
234190
65930
72850
1250
244850
12120
12210
12220
224540
220240
237110
218620
252490
253310
236510
107410
262060
108600
266010
221100
271590
273110
222880
225840
227100
247910
293260
286160
222900
238460
304930
63380
312990
227940
206420
200110
8190
203160
250400
333930
348020
335300
355180
355840
363970
365300
380600
381210
252950
291550
57300
420290
239140
431960
424280
438100
310380
437220
374320
444090
365590
448310
205890
462930
468560
359550
394360
487220
48000
273350
292030
324810
530330
530700
307780
489830
287700
578080
588430
627690
629760
386180
305050
657200
674020
611500
700330
22350
38400
730590
466240
504370
368230
797470
433850
845070
304390
961440
43110
638070
345330
1046930
