10
80
20
40
240
4000
6860
6880
2310
2320
12120
500
10180
10190
42700
42710
22490
39530
65790
72850
41070
12200
20920
219640
113400
236390
34870
242860
218620
251570
252490
252950
107410
233130
263280
271590
225840
238090
226580
302510
241930
324800
209650
730
381210
387990
393420
225540
431960
433850
439700
438100
470220
359550
292030
447040
438740
571740
578080
447820
304390
222880
460930
665360
666220
674940
304930
700330
734580
754040
611500
379430
795100
804320
805940
809960
810670
884660
766370
1008710
