10
220
240
320
12210
40400
24960
620
55150
204880
49520
253710
44350
234650
249990
253940
252150
226840
271590
278360
280140
285800
291390
292910
303390
307070
318600
203160
261640
730
333930
334210
355180
393530
382490
234140
365450
410110
208650
391220
365590
371660
449680
460790
269710
319630
511470
337000
292030
307780
550650
8500
208140
588430
351940
595440
578080
15700
241930
755790
778410
627270
433850
704040
270550
863550
439190
490220
209080
608800
611500
356190
884660
391720
63500
222880
696370
304390
96000
491950
402390
510840
43110
638070
395170
231430
826600
308600
343710
370910
