4000
2990
6220
4700
4760
20900
12900
8140
17410
22200
35700
550
220
50620
462780
12210
20920
38740
39500
39510
65540
65610
9350
9420
108710
41000
41010
41070
227780
564310
214870
223470
17460
227300
223710
241640
44350
215690
72850
237110
252330
233130
40300
40390
235800
258910
91310
262470
40970
40950
262900
265300
8930
274560
235320
254700
288470
288880
271570
297000
8980
304050
304930
315920
318600
205790
203160
203140
247430
321040
287450
232890
302510
238320
326190
15700
330840
730
332800
341310
343270
343710
346040
307780
241930
357290
351860
351870
359560
361700
361730
361750
361760
361770
495460
364910
365020
367010
249230
390290
396360
397900
411180
702692
105450
221380
422250
427190
428350
428420
431960
391220
434420
434570
255710
446380
448780
466560
467950
485380
485440
48000
492130
502240
391720
508180
508980
509220
513620
514660
292030
535400
539730
542970
539750
489830
556280
557580
252950
252850
567280
567580
463150
596170
218620
368420
813820
627270
583950
976310
1046930
226840
