2400
240
300
320
2100
2130
4000
220
420
12900
18500
15620
15400
24740
27000
29800
22200
1250
3700
34900
40400
40420
18110
550
34030
8190
45400
33910
33930
17410
80200
72400
4540
475150
92800
620
93200
70000
91600
92000
91200
105600
91700
42160
102200
70120
46500
46510
46540
8980
107300
107310
18700
26500
55040
70300
96200
91310
96100
32800
112100
17710
47400
110500
113200
102840
55230
107600
35700
99700
202410
1510
1520
1530
201570
80330
80340
80350
203810
202090
6120
40800
63710
94200
38600
67370
65300
33680
203210
7520
65800
115110
207430
42170
207530
98400
205870
25980
208600
207320
209330
228320
108710
110600
63380
50510
105800
203630
206610
104900
37000
409710
206020
206060
211800
94300
3830
57300
204060
210170
205910
215160
212010
215670
214360
35140
204300
214340
209080
204630
730
72000
215510
41500
107200
208200
218640
220200
214560
206440
220780
219640
220860
200710
219910
7510
203140
214590
220460
223220
4920
211400
57690
218410
214610
225140
212110
222140
224960
225600
221640
50620
228200
462780
209190
224420
105000
212700
4570
71240
227220
220700
218130
35720
228280
212480
220090
229520
227280
368730
204080
223850
11020
17080
109600
200210
212500
230410
238960
39000
206480
214420
237310
262410
206500
227760
231430
224580
204240
225260
218060
224220
228760
228260
222660
234490
8870
227180
233740
233510
233530
44350
210770
235250
234940
236730
234290
215690
65930
35450
233980
236090
268540
206190
231160
41800
238630
242820
242920
233250
242110
95000
201420
239450
244690
12110
12210
12220
225160
107410
214950
207370
207380
207400
218820
40390
246300
40300
234390
214770
244070
231040
239070
248310
248530
241720
239350
218620
47830
238280
249590
209000
242530
225280
250030
226720
96300
250280
250380
250520
250560
250580
214550
250900
251310
251390
251430
251690
251730
251830
252010
252410
252490
252570
252670
252850
252950
253110
253570
253630
253650
25800
253860
253900
253960
253980
243450
3480
78000
49520
234000
224860
219780
256460
257050
207040
217690
606730
219990
238910
249330
247140
257830
257890
247000
235980
258950
42910
259390
259530
259550
259600
244090
261110
219830
217100
3020
261490
262060
262150
262260
262280
39210
262690
262770
263060
263080
263400
263460
263680
237760
263980
264060
264140
264200
230070
264340
264540
2500
264560
264730
226980
265120
215530
265380
265790
265870
266050
266110
266210
266250
266330
266940
267060
211820
267920
267980
214170
230230
373420
268200
268240
268320
268810
268870
269210
269370
269490
270090
270310
270490
270610
270810
8930
235460
271290
271640
271860
237990
273770
44340
274310
222880
237870
274900
275080
275490
277470
277490
277500
277510
277520
22100
48700
278460
278530
278640
278930
279260
279480
279920
279940
280460
280500
240760
404730
281370
235210
281640
282760
283000
283040
283180
283290
283390
284140
284390
284710
284750
284770
284790
284810
284830
284950
351030
285010
285130
285840
286120
286200
236430
287120
288880
289090
233290
289760
290280
290320
290650
290710
291130
291330
291430
291710
219740
322330
292370
292570
292630
271570
293180
293320
293860
294020
294040
294100
294230
295250
295730
295930
296050
296070
296870
297020
297100
297290
297410
298600
299260
299460
299800
299840
300200
300220
300300
300540
292140
301190
301200
301480
301520
301540
301750
302010
302310
253470
302690
303340
303390
303470
303510
95400
304050
18400
241240
238090
305480
305740
306040
250400
306350
306410
211500
307070
307340
307350
270570
308000
308520
310070
227700
311190
311250
311860
312640
291480
312960
313140
305490
238890
314160
314210
314250
314570
206420
255070
315060
315930
316010
316790
317250
253510
261640
318430
318570
319180
319850
203160
320400
317290
320790
321040
321150
321950
322900
302510
301970
324070
241930
238320
324610
324740
325320
305050
325870
326120
326180
326730
327410
327650
328270
328500
328760
24240
329000
329830
330350
330450
330680
330820
331220
331440
331570
331790
305620
332790
49600
333120
234630
262850
333740
333860
282070
249050
334070
235620
334300
334560
335000
227300
335450
335460
335900
335920
336020
336140
336200
337040
326410
337420
335220
337630
337940
338050
338320
338710
334690
339900
340050
340070
333760
340300
340310
340650
340800
341090
340750
341780
314660
342300
342510
340220
342610
343090
343100
343170
343270
343560
344040
345220
346270
346320
346630
346810
346940
346950
347030
347510
347560
348020
266510
348450
348960
349550
349580
346780
287290
351240
351490
351910
310810
39120
355100
355520
255710
356310
235540
356380
357290
357780
357900
345350
358480
351860
351870
338530
359250
359310
359810
360590
360830
360870
336420
361190
363970
232090
365420
365450
365770
364690
366220
364900
367240
367500
367520
238370
368990
369060
370300
370360
370910
371210
371420
371900
372800
373440
375010
375460
375480
377680
378100
379320
379530
380600
381870
381990
382120
382300
383520
383580
384150
345180
385070
385080
385150
386140
387840
295790
388390
388410
314020
355150
390910
391070
391180
391340
391490
391660
391740
391420
391210
394680
395170
382490
397700
398710
398850
236110
400170
400240
400250
4700
400370
401120
402840
403900
405610
405710
15700
406730
368230
496300
410130
412170
413150
280790
414580
415960
417430
418070
289130
421040
422100
422250
423710
424830
268500
427270
427520
427770
428430
239140
429520
431960
433110
433790
290790
435400
436300
435120
438010
438020
438030
438100
439910
439930
440760
441380
34270
444220
444480
443880
448640
449200
449960
452570
452780
453820
454890
455710
456430
456670
457820
458960
460790
462200
462220
463210
463220
466560
466730
467000
467010
379720
467950
468320
468490
468560
469890
471910
473470
345390
478010
482920
485740
486150
486880
487220
487580
487590
487600
489890
489900
491580
491650
492170
497260
498030
498040
498050
498660
442080
273350
500570
500580
500590
505210
369070
508180
513620
514470
514480
514490
515310
516510
518100
521980
292030
526790
526880
527230
528660
531860
532110
532600
533820
534290
538590
542690
542710
542720
542730
542740
544140
545690
546400
546980
551550
555940
556280
556870
562270
563120
563560
429660
567090
567280
567290
567580
576750
581100
582010
208140
582660
583760
285190
585560
586960
586970
588650
589670
590380
595440
600120
604490
498320
612880
616110
445190
618510
621060
234270
627690
628760
628770
632360
646570
658160
680360
685400
368420
113020
435150
718090
38400
736260
744190
755790
783050
637650
560130
838330
872750
980300
1048540
