4000
550
41000
42910
105600
41070
96400
104900
209670
17080
99900
104700
109600
113400
206210
208090
212070
218230
230410
236390
238960
240320
272350
214420
248570
265630
271290
202090
206500
224260
226320
246280
241600
91310
216250
218620
206420
252490
252950
263060
211820
367540
269210
271590
273110
222880
238460
214190
301520
302830
304050
304930
224600
8980
49520
217490
227700
311690
312530
312990
9880
227940
314410
317360
41300
323850
326360
326740
327690
261640
331360
274940
730
282070
333930
337320
338180
340810
342200
342640
346110
407530
346330
351410
354620
355840
232090
320590
363970
364110
364420
238370
219740
322330
376570
380840
381210
382490
386070
386360
291550
389300
389430
389570
391460
394380
299360
236110
412940
280790
414530
415860
427270
239140
424280
434650
384490
444090
448460
449140
310380
314010
417910
273350
502550
506140
513560
520860
337000
524970
537180
544920
550650
555570
562590
563560
578310
434510
588430
591960
593600
370770
511800
607200
610080
612290
616220
506540
9480
632360
386180
648430
667890
669580
705220
436180
723780
466240
504370
360620
433850
823130
804810
835860
879160
884660
646910
611500
984110
976310
489520
1046930
