10
80
20
50
70
130
220
340
240
380
4000
420
400
12900
8140
20900
550
35130
620
92100
207610
49520
224960
225300
203160
233720
252950
241910
288160
286160
238320
261640
289690
730
241560
319630
255710
232090
249230
219740
322330
292030
401190
365450
405640
417860
425580
359550
431240
433850
440730
454150
377160
491950
273350
506730
545250
546930
438740
422870
575640
575950
578080
614910
305050
650490
218620
656610
304930
240720
554620
705710
709840
709870
710780
724430
745740
772740
776960
794810
252490
806140
818730
828960
860910
884660
304390
437220
780800
684680
