10
80
100
300
20
30
40
50
60
70
130
240
280
360
4000
220
320
340
380
400
420
500
550
620
105600
7530
99900
230410
223710
218620
253860
252150
273110
225840
278360
282660
290930
301520
304050
227940
331470
349480
356160
380600
291550
413850
413856
585283
225540
431960
438100
444090
596350
479130
533300
547010
550650
550670
563560
581130
208140
582890
588430
351940
630100
632730
386180
666220
304930
679990
698780
700330
703950
716260
629520
732000
466240
743640
504370
755790
24200
843500
860240
862040
863550
878750
586980
730
1046930
431930
