240
4000
2400
228200
12900
12320
12210
17390
17440
17480
22330
24720
11360
6060
38410
17450
550
22370
24960
8190
12220
43110
33910
33930
219540
21970
8930
42910
620
72200
105600
28050
35450
236830
24240
12120
65730
110800
72850
55230
22490
20920
48700
48720
209830
104900
20500
211420
209080
10
80
730
204360
96300
49520
217490
200170
219640
4920
223470
220260
204100
222980
224540
227300
51100
113400
203290
212070
218230
230410
236390
39000
250600
262410
265630
42160
253710
224580
203160
107410
227680
6860
203140
205930
233720
216250
219740
322330
220200
8500
242800
242880
233250
244850
220
420
206420
220240
231430
237110
239030
218620
235600
239820
250340
252490
253650
214950
241540
40300
40390
257750
242050
262060
238430
264710
108600
265930
211820
221100
34870
222880
237870
200510
282440
285900
286160
243470
290080
295110
245620
296470
301520
304930
250400
63380
313120
227940
331470
274940
305620
292030
282070
341800
271590
346010
346110
325610
255710
359320
6000
6020
6030
32370
32380
32390
32470
208580
312530
383790
391270
394360
418460
359550
364360
437220
457440
281990
48000
516750
306130
534500
578080
588430
629760
700330
435150
466240
738520
804320
552520
914620
