4000
2990
2310
2320
2330
2340
9030
9040
4500
13200
13210
13230
13240
13250
17390
6060
34900
32440
550
32470
25900
72400
63710
104200
105600
96100
2400
22490
214340
730
204360
200710
205790
41000
41010
41050
41060
41070
111600
201480
204340
227780
564310
203350
220740
214510
12110
34330
235400
219740
322330
48220
241910
211820
214870
269210
20510
278080
281920
246620
282440
285160
289520
296220
301520
303390
224600
260230
313690
313830
317250
318430
221040
24240
339290
342580
351150
353550
2870
8870
409710
409720
360380
361930
366890
6020
32430
370100
380020
391000
395930
403900
413150
429700
438640
444090
379720
319630
508900
533300
539730
542971
542972
8500
562220
566160
575640
587050
591420
610360
617670
645090
218620
658550
658560
799070
611500
