10
80
220
340
380
4000
400
420
13560
12750
17390
550
620
105600
20920
48000
107800
216110
1900
223470
11020
236390
203160
233720
35720
242760
225080
218620
206420
252490
252950
265930
271590
274190
281920
285330
286940
238460
301520
302830
304050
304930
310370
291480
312990
317250
730
250900
345440
346900
298630
104200
315430
341500
322330
291550
394540
399940
234140
409670
409690
225540
359550
433850
444090
596350
462200
476240
489830
319630
510050
292030
533300
555620
581600
582500
603850
657200
698780
700330
239140
813820
871720
884660
43110
275390
44350
1048540
