240
10
60
80
100
4000
550
8190
34270
50300
55100
64000
620
105600
55150
17710
3830
67370
204880
35000
20920
12750
209080
730
49520
217490
219150
219640
224900
214510
72850
6370
13140
36630
38830
47410
51100
99900
99910
102700
104700
105430
106010
108210
109410
109600
113400
113420
200210
201190
201210
201230
203290
206210
207230
208090
212070
212500
212800
213650
215870
218130
218230
219340
221080
230410
236390
238960
272350
107400
223710
265630
224260
225260
233450
44350
210770
234650
65930
220240
218620
249990
252490
700580
252950
253860
261110
261180
252150
226840
268400
268870
271590
244450
57300
239200
222880
278360
283880
285160
285800
286570
287390
292620
292910
222900
301520
302830
304050
304930
306040
307070
227940
265590
317600
200110
318600
232890
307690
238320
327690
261640
15700
305620
335330
337410
2400
265000
346110
407530
339280
354500
255710
355840
336420
322330
274560
381210
386360
291550
391720
365450
299360
412470
415270
314000
359550
429700
431960
438100
440760
444090
444930
446270
365590
461140
463760
465520
379720
474750
491950
319630
402570
511470
513710
397060
292030
530700
538590
550650
444200
556870
557810
302590
566220
568770
438740
489520
578080
582500
582890
584210
588430
351940
594650
356190
604490
605220
306130
643600
386180
657200
666220
675940
700330
629520
466240
743640
755790
231430
771350
620590
805940
810670
236870
433850
841350
203770
232050
856130
861000
270550
863550
439190
490220
608800
611500
334210
63500
769920
696370
304390
96000
402390
510840
967250
43110
638070
395170
308600
343710
1046930
266310
252130
282100
275390
780800
1048540
684680
431930
