240
2130
4000
6860
2300
320
340
12900
13520
19900
24740
46400
3130
8190
46430
33910
33930
8930
12210
12220
40800
92800
70000
400
620
55110
91200
20920
31270
97000
3270
50130
107310
107100
107200
22230
200110
113200
110800
2990
6220
201510
48900
203810
202090
105800
207150
203630
205350
200260
209330
228320
214340
35140
211420
214150
209080
730
212680
206440
49520
221260
219150
91600
211400
218740
4920
223470
220740
203140
205930
102600
201790
46260
224420
105000
203160
218130
57690
230410
236390
224260
239220
231430
234490
230050
219190
55020
235250
233720
222730
35450
244710
237110
225080
249360
218620
47790
47830
239820
250320
222900
252070
209160
209170
241910
221910
254440
261030
264710
108600
221100
210770
550
272040
57300
239200
222880
200510
281990
291010
294160
245620
8980
304930
250400
63380
310560
311340
260230
312840
321040
274170
241260
327410
305620
292030
250900
271590
354240
255710
359320
362620
243970
322330
373420
375820
236870
384110
385800
287700
253030
395520
413150
421120
427270
359550
434170
443080
48000
273350
544920
550040
337340
578080
590380
219640
643270
435150
804320
637650
845070
863550
973760
583950
1046930
