4000
220
320
400
550
24960
35140
33910
33930
8980
729040
40800
47870
105600
55230
20920
108710
202750
204360
49520
217490
200170
219640
47410
230410
236390
238070
240320
223710
265630
224260
224580
203160
237110
218620
206420
252950
253980
209000
4500
20510
41700
270850
271590
222880
296470
304930
227940
314410
265300
317360
232890
323850
261640
730
305620
301910
360940
365670
387990
397900
280790
239140
431960
433850
438100
444090
365590
377160
542340
562010
578080
581470
588430
603040
506540
9480
657200
666220
323580
700330
723780
359550
795100
813820
823130
884660
391720
304390
437220
43110
231430
