240
300
340
10
30
40
60
80
100
2130
4230
4000
12100
12120
70
220
17430
34900
24870
500
550
3260
42640
34270
12210
12220
72400
47870
47920
620
96000
92100
96100
15560
2990
6220
12360
201510
109500
730
217490
55230
202970
202990
212910
45740
45770
204100
12110
227300
113400
211500
226980
245550
203160
233720
44350
224540
206420
251570
252950
243800
255220
247120
24010
263280
264710
265930
266010
202170
270880
244850
246620
284160
291010
293180
304050
304930
306040
63380
317250
321040
239140
326190
327890
24240
241560
333740
257510
252490
340070
342580
343440
271590
346110
347430
347560
349500
351490
360940
303390
363970
366890
104200
263980
315430
341500
370510
371670
219740
322330
381210
314020
355150
391260
391420
204180
274560
314450
394540
320300
397500
403560
403900
407560
341310
396160
399790
407230
413850
413857
416080
429470
431710
431960
434420
331790
340650
385070
385080
391660
412170
416040
423710
438010
438030
444460
444480
447920
448640
453820
454890
457820
463210
463220
467000
467010
473470
486150
491650
533820
563120
576130
591560
606330
438100
439250
440760
443940
446640
448780
461140
461640
463350
50130
485580
508670
578080
588430
588650
506540
218620
433850
646910
950100
