3830
4000
4600
2990
220
320
340
380
400
420
12900
18500
17470
24740
500
1250
35420
11360
1500
550
31410
38700
10680
43110
17410
8930
22490
2450
22600
40800
38720
42910
2500
11200
35700
92800
620
70000
105600
91700
96100
24240
17710
113200
110800
73060
41070
201570
67370
207170
203630
207610
409710
204180
204100
50300
91310
25800
108710
202750
202170
10
240
730
214560
206440
49520
217490
217690
220860
200370
211400
218410
218740
55230
105000
35720
227300
72850
227240
204240
225260
8870
218060
227080
44350
222480
233230
65930
242110
237110
9480
40390
246960
225080
239030
234080
218620
239820
206420
250320
214550
250900
252670
253110
253330
72900
233130
213670
55110
221910
238430
261030
218640
203160
224480
274190
246620
282140
236430
233290
292620
292910
201810
238460
203140
286690
287390
304240
304430
312990
220820
238010
214490
239140
238320
331470
257510
319630
339340
219150
255710
261640
232090
364390
365300
368360
380150
383150
384110
383870
271590
391220
438100
34270
379720
478960
481110
513230
292030
530620
307780
536220
588430
219640
377160
113020
883710
391720
222880
304390
491950
510840
961440
395170
231430
308600
343710
