4000
33910
550
8190
33930
219540
28000
45740
42910
620
105600
104900
49520
217490
223470
109600
113420
230410
238960
240320
214420
223710
224260
253710
224580
242760
218620
252490
252950
271590
273110
224480
282660
222900
301520
304050
304930
227940
206420
200110
205790
261640
331470
730
333930
335330
336670
316390
346110
407530
346330
349700
287290
351640
365670
322330
386360
313020
364050
389300
393420
280790
414290
225540
431960
433340
434420
438100
443940
444090
471710
473710
491170
273350
503300
319630
521590
524340
542340
544920
555210
555570
567060
438740
569760
569970
489520
581470
586090
588430
602890
607200
607260
630100
644570
698780
699760
700330
730620
734910
466240
766570
209670
359550
433850
439700
828960
845070
860910
967250
231430
1046930
