4000
220
340
400
10180
10190
550
8190
57300
40800
620
105600
113200
41070
564310
730
49520
202990
212910
219740
322330
224540
227300
102700
212800
238960
39000
233720
44350
242760
244850
250580
252330
252490
252950
107410
265930
268910
271590
213670
282440
285900
286160
33910
33930
65700
65720
224580
304050
304930
224600
312990
318600
319510
274940
261640
250900
230290
342180
346110
377160
380840
381940
386940
291550
389570
397900
413150
417860
431240
431960
433850
439700
436150
438100
466910
471710
512270
454650
518580
520010
528550
530700
447020
555160
402560
438740
573090
578080
600140
606150
611670
219640
620980
622650
625470
386180
218620
657200
666860
674940
685240
698780
700330
716260
732690
466240
738060
587860
755770
787790
819970
823130
871720
611500
952440
582010
