3920
220
16450
29800
34900
33910
8930
42960
42910
92800
70000
104200
91200
105600
49600
96100
200110
35700
201570
203990
205790
204340
207170
208090
203630
207650
209330
96300
113200
41800
63710
207420
208200
1930
224420
220090
17080
230410
236390
238960
224580
225260
214730
235250
233720
222730
224060
72850
238630
228960
239800
239450
234390
214770
248190
232430
222900
251370
251430
252170
245170
253900
253980
254060
238910
233130
255520
257890
259390
252150
265670
267980
268240
270090
550
236510
271860
57300
222880
275470
275490
278360
48720
282440
283290
284950
286360
287120
292380
292620
292630
294460
295790
296050
297020
35450
236830
289130
299260
299460
300540
8980
301480
301750
303390
304930
250400
202090
63380
307070
307170
314010
318430
319510
321040
48700
324070
322330
24240
240
730
334120
335430
219150
274170
346010
347430
348020
364470
238370
373620
341940
391720
391740
236110
402390
449220
307780
542310
489830
552620
578080
584980
588430
386180
218620
657200
17500
323580
377160
724490
231430
368230
433850
203770
869760
611500
884660
967250
638070
44350
1046930
