4000
220
360
400
20900
35140
45740
8930
620
104200
105600
110800
55230
20920
207610
104900
108710
200260
204100
6370
208090
55370
214420
223710
250600
224260
241640
253710
233450
3910
72850
242760
12100
12210
12220
250320
252490
252950
235800
49520
260750
260770
261030
209000
270370
271590
274190
203140
205930
286690
287390
304930
38400
38410
307290
312990
227940
315430
233720
318600
321040
307690
238320
331470
730
218620
219150
274170
343740
346900
287290
352520
354500
354510
354520
354530
354540
255710
306130
359050
360640
362890
365670
368360
257400
381210
9480
206420
301910
413150
416210
417860
429570
438100
443810
48000
515040
523780
533300
536220
562220
588430
878750
967250
973760
