4000
43110
70100
70110
70000
105600
70120
201570
8650
37400
37420
205910
49520
10
80
100
240
730
202970
202990
212910
220440
11020
6370
11610
13140
17080
36620
36630
38830
47410
51100
55130
102700
104700
113400
203290
206210
208090
221080
230410
236390
239660
241660
250420
262410
245550
246280
8870
216250
218620
224420
239450
12100
12110
12120
12210
12220
12230
12240
12250
38700
38720
38740
248710
252490
253650
253980
254020
254040
257830
264360
265930
550
282660
287100
209160
209170
290730
294020
294230
295690
222900
35450
236830
238460
299460
300080
301190
301200
65790
303390
304050
304930
306410
8600
8660
211500
63380
307070
307230
307640
291480
269910
205790
328060
24240
329380
335330
337630
340300
340310
273350
271590
344040
346120
347630
347560
351470
351480
355430
361630
363970
375460
377310
377430
383580
386360
386870
389300
387450
391460
395920
397990
398840
236110
424280
