70
4000
7670
20900
500
17390
1250
1930
25900
22330
22320
3170
41000
41010
620
105600
41070
40390
204360
49520
217980
223470
47410
99900
230410
223710
242720
250600
235340
263540
225360
72850
248390
252150
264710
225840
278360
239160
281920
285160
270550
295790
41050
41060
214340
219910
230820
268540
301860
304930
307230
311860
215080
227940
317250
329000
329380
329790
331470
331790
333600
257510
319630
340650
343780
346630
351150
306130
363970
364110
364470
365670
369400
219740
371670
322330
375950
378300
380600
383080
383330
385070
385770
385800
291550
244710
275100
409100
236110
412170
413150
280790
414530
417860
418070
423710
431250
437160
440650
446150
446640
365590
448640
451880
457820
459820
466840
467000
469730
473470
485580
486310
48000
500580
502770
508670
513780
525740
538100
489830
563560
564710
578310
588180
588430
591960
593280
603260
610080
610360
617670
620240
630100
645090
218620
655300
658320
634160
667890
670770
678800
690610
698780
233130
554620
704040
705220
715050
717640
308040
724740
725340
728730
733940
742480
789100
799070
812140
827640
833290
203770
853550
857340
897330
530630
