4000
12900
16720
550
33910
33930
22490
7520
40800
47870
105600
200110
104900
730
205790
219640
227300
17080
38830
99900
109600
113400
113420
208090
218230
230410
236390
238960
240320
209870
265630
202090
224260
235340
253710
224580
241600
218620
251570
252490
107410
261430
221100
271590
273110
278970
282440
282660
287390
287860
209160
209170
222900
302830
304050
304930
9900
227940
316010
323370
219150
274170
346330
349700
287290
339280
355180
355840
232090
364470
219740
322330
372000
374670
386360
291550
387990
389300
389570
359550
434010
438100
444090
473690
48000
495910
273350
513710
530620
530700
539730
542970
542972
542974
550650
555570
8500
436520
578080
506540
630100
648430
504370
755790
797470
813820
611500
884660
304390
1024500
1046930
