45400
70100
104200
91200
92100
96100
204180
49520
217490
200210
230410
236390
238960
262410
226320
263540
224220
233250
246420
252490
253980
254060
238910
233130
257830
259360
252150
263080
267920
271570
271590
222880
274900
279640
285010
351030
290730
291010
292370
293180
294020
299460
301520
302830
303390
304050
304930
305260
306040
306350
306410
307070
311860
227940
314020
314450
277950
315430
316010
317250
250400
321150
321400
221040
328500
10
240
730
218620
332790
333740
335240
337420
339160
339470
340070
341090
341120
341310
343360
343390
344040
344910
345120
345220
346630
346900
341500
241930
353550
39120
354860
355150
357280
357900
232090
362610
363620
363970
364470
1250
364690
366760
368750
369040
370090
370510
371670
375460
377290
378100
380360
382120
382300
386360
386420
391260
391740
391420
392820
385240
394540
394870
382490
396160
396360
397980
398460
398680
398710
399790
400240
400250
400370
403900
403740
405610
405950
50620
388410
462780
416030
416080
416170
417910
422100
423760
424830
427780
428430
239140
429470
429700
430020
431560
431710
433210
433850
434010
434250
434420
434610
264240
438030
440760
441870
34270
443940
444090
444480
444790
447850
448070
448660
448940
449220
449680
453980
454890
370770
461640
462030
462960
468490
473520
474820
477290
485350
485730
486360
487220
489220
484950
48000
273350
504370
505210
508670
508820
510220
515310
337000
523790
527550
527760
527770
527990
528660
533640
539720
539730
542970
542971
489520
545360
545370
545580
550420
444200
556110
252850
562360
566990
567290
575140
576010
578080
582430
583760
585790
586960
603290
607680
306130
618030
636150
278360
1046930
761890
