300
50
60
70
130
220
240
380
4000
6220
400
420
15100
500
9480
1250
35420
3590
550
28000
620
105600
102600
21100
49520
217490
223470
55230
227300
11020
99900
109600
113400
113420
200210
203290
207230
212070
218230
230410
236390
238260
238960
263500
209870
214420
223710
237310
262410
265630
286100
224260
235340
253710
221040
203160
242760
12110
12120
237110
252950
268420
270370
272060
273110
222880
225840
239160
286940
293540
298240
301520
304050
302380
310370
312990
9880
227940
206420
316010
317360
317790
307690
238320
326360
17570
331360
331470
730
333930
335240
337360
337950
338000
338180
250900
319630
342200
346120
346250
346330
301910
287290
339280
355180
355840
356670
232090
363970
364470
365300
365720
322330
375950
380600
380840
382490
383080
383150
383180
385770
386360
386940
291550
389300
391270
391460
393530
395200
299360
236110
412470
280790
414530
414700
427270
431960
424280
434730
335430
438100
244930
420790
443580
444090
457330
461560
461910
378370
475070
50130
489830
495910
504230
508390
508900
513450
513560
520860
525780
526460
324810
530330
530620
530700
307780
533300
397950
536930
542310
544920
550650
552990
555570
558100
560260
562220
563560
302590
564710
436520
566160
575640
578310
582890
588430
588690
591420
370770
511800
610080
610360
617670
630100
636040
643270
204300
645090
386180
394230
652980
648390
657200
658550
658560
666220
666860
667890
17500
674940
304930
678800
683930
690510
690610
698780
700170
700330
702810
22350
554620
705220
708100
708940
711810
714970
717640
723780
725340
731770
732000
734580
735570
466240
738060
738500
480430
587860
740470
215830
504370
754810
755790
759530
662320
763410
766570
773920
780120
785130
788260
788880
790790
795100
795580
799070
802200
803030
810200
433850
823100
844800
845070
871720
350280
884660
714010
897330
914620
586980
658470
893520
962380
967250
984110
489520
1026820
761890
