10
80
100
70
240
300
320
4000
24740
550
8190
70100
67000
7520
620
91200
105600
61100
42910
92600
113200
65800
200910
107600
42680
42690
41070
1250
202090
203730
12810
500
220
380
400
420
205790
49520
730
204300
202970
202990
212910
4920
218740
221640
201790
200210
218230
230410
236390
238960
224260
233230
228760
225420
210770
35720
248190
239820
253940
219990
238910
259390
260250
264320
267060
269710
271640
280180
287120
301700
312530
291480
314250
314410
222900
200110
321150
331360
333930
335240
236110
346010
346900
348020
339280
255710
232090
363970
374570
376570
381210
383080
385270
385770
390970
392820
393530
402840
311210
407120
414290
414730
414070
427520
239140
431240
431560
431990
434010
438040
438680
34270
205230
444640
446150
462930
477160
442080
504370
506140
531960
534500
534820
545650
547680
493340
557400
557810
558100
560380
563560
568810
578080
578310
582500
212740
589870
596650
610080
626010
559460
627690
218620
653220
667890
673430
674940
681500
697610
704040
728730
734750
469600
755790
764030
772070
813820
861920
874240
611500
880940
222880
304390
960090
489520
1026820
1046930
