10
80
100
20
50
70
130
220
340
280
360
320
380
4000
2290
4500
400
420
15120
19830
500
12200
550
41700
35140
33910
33930
620
107310
24240
72850
46570
63380
104000
206690
208200
200260
207210
219150
220240
206210
238070
248570
265630
206500
224260
224580
227100
220440
8870
216250
10680
242860
2300
2270
2280
12120
239030
206420
251570
247910
221910
264710
265930
266130
270090
270370
270550
271590
273110
34830
34870
274230
222880
275490
275530
225840
284160
286690
233290
222900
301520
304050
238090
308000
312990
313240
227940
320300
274170
321920
322170
301970
327010
327310
730
337320
252490
341190
301640
298630
310890
353220
354240
355180
355840
356570
359050
1250
35420
232090
360940
362890
363930
365300
274270
365670
368360
322330
223470
257400
383870
386880
291550
387990
45740
391460
403900
233720
327890
225540
243470
405310
239140
429250
427730
431960
434570
438100
443810
365590
449540
457210
359550
623990
502940
515910
292030
526460
7670
8850
409710
409720
530620
307780
531960
545250
447040
566990
438740
569760
572430
581470
581630
584890
587050
588430
588690
375230
590280
304390
447820
506540
619910
623580
646270
218620
655460
657200
667360
670770
673760
304930
679990
700330
707400
713940
629520
726360
466240
582160
785740
802730
805940
552520
611500
884660
714010
961440
992490
939960
231430
766370
812140
