20
70
220
340
4000
2990
13520
19900
20900
500
1250
24870
550
22490
47870
50300
42910
620
105600
107100
24240
6220
12360
204340
91310
108710
113200
730
204360
49520
202970
202990
212910
219150
217980
219640
203160
72850
218230
236390
216250
244850
220240
218620
252490
252950
245170
94400
238430
221100
228380
274190
222880
225840
282140
41050
227780
238460
286690
304050
304430
206420
274170
322500
239140
238320
219740
322330
232090
312530
381210
383150
291550
234140
414340
359550
623990
431960
434170
438100
444090
365590
257850
223100
481510
48000
337000
474960
403640
324810
563560
578080
375230
594650
770720
506540
629760
633251
657200
304930
700330
268910
466240
231430
823130
611500
884660
304390
638070
1046930
