300
4000
6910
400
8080
12150
13210
13230
20
50
70
130
220
280
320
340
380
420
13500
16730
17460
17410
29900
16720
32620
32650
1250
34900
21670
20900
550
41000
45710
41010
34010
33320
7520
50300
620
92000
91200
92100
20920
55110
17470
47780
96100
70600
55230
16450
21090
21100
21110
21120
41070
201510
67370
37420
108710
207610
104900
204180
204100
17300
108800
7510
1930
223470
220240
230410
231060
238070
209870
215100
271290
224260
221040
225260
224220
203160
232770
233720
210770
65930
72850
12210
12220
225160
206420
252950
253900
253920
253940
253980
254060
254080
254100
233130
259360
259550
261110
252150
261570
263060
263980
265930
3270
214870
268870
268910
269210
269890
235460
271590
57300
34830
274190
274900
239160
278460
282140
254700
290040
290930
271570
293180
201810
298520
299460
286690
287390
301190
301200
305050
306040
307070
8980
49520
312530
312990
314020
313830
314450
317250
313340
238010
321040
323370
302510
323850
241930
307690
238320
324800
223650
329000
268050
100
240
730
298110
332480
333740
277950
339470
219150
341190
341310
341500
343360
344910
307780
349480
349500
287290
21690
355150
350080
7670
8850
8870
409710
409720
357290
359050
362610
362890
363790
364910
365300
364690
366440
357070
366760
28000
369200
370090
371280
35700
35720
319910
372000
372360
292030
374570
274560
377290
378610
331600
382120
382300
351970
384930
385400
387060
387290
389700
391160
391260
391720
391420
382490
396160
397500
398680
398710
400240
404700
405610
405950
407230
407840
388410
462780
412170
414530
414700
416170
417860
349040
368500
420850
422100
422250
424830
428430
239140
429660
431960
391220
424280
434010
434420
434570
434610
434920
264240
438480
440760
441870
34270
4720
443940
444090
447850
448780
448940
449220
449680
458420
462030
462960
463180
463920
468490
469890
480490
485370
485510
487220
488580
489220
48000
492130
273350
319630
507380
512020
529900
530620
535760
539360
539750
287700
311340
545690
546380
489830
550650
562360
575840
577460
578080
581470
585830
588430
590970
601430
612880
219640
619730
622650
9480
669300
674460
678550
633360
645090
218620
657200
323580
718330
637650
203770
750920
878750
334210
582010
222880
961440
