4000
50300
55100
620
105600
55150
200110
67370
49520
217490
11020
99900
109600
113400
200210
230410
238960
263500
223710
265630
202090
224260
225260
210770
234650
65930
218620
253980
261110
265930
268870
239200
292910
222900
301520
304050
304930
265590
318600
322170
238320
327690
261640
730
339280
351290
357780
386360
858460
291550
389570
391720
225540
365450
236110
417860
434380
438100
441870
444090
444790
496750
506140
402570
521340
566220
588430
511800
209080
630100
204300
662830
700330
504370
755790
231430
763700
252490
804320
359550
813820
433850
439190
869760
611500
222880
304390
402390
893520
278360
1046930
