4000
22330
105600
205790
20920
204360
99900
109600
258700
39120
72850
10
240
380
550
620
730
254880
266010
271590
222880
278970
300040
304930
49520
261640
331470
218620
335300
338180
339800
346110
363970
322330
380600
381210
385800
386360
397900
400040
371660
239140
431960
433850
438100
374320
468490
475150
477310
479130
273350
505210
292030
307780
533540
534110
537422
221680
555570
567290
422870
574850
578080
583760
524220
391220
607380
620050
625430
636150
643270
647040
424840
678670
698780
704190
708480
720380
629520
359550
860910
304390
1046930
