80
100
6910
400
12120
20900
12210
17390
6060
38700
21130
47890
70000
620
72850
205790
20920
223470
203140
205930
12110
109600
230410
263500
286080
95700
250600
239220
203160
236090
244710
243950
252950
246620
222900
304430
304930
215080
266030
321360
238320
331120
331470
274940
730
332070
305620
215470
257510
346110
339280
353130
275100
352400
202090
361190
363970
365670
369400
322330
374670
375950
376210
381210
383080
261570
387290
389300
391540
412940
225540
417860
438100
244930
443580
444090
452710
431180
486310
48000
273350
319630
402570
513510
533540
555150
447040
582620
587450
588430
612470
306130
374040
643270
643810
386180
648350
218620
652980
670160
698780
718500
724740
725340
466240
738060
751590
751690
755790
608990
760510
767420
778700
715510
838900
844930
444770
1046930
