10
4000
400
500
33100
550
8190
50300
55100
620
105600
204880
55230
214510
221260
223470
200210
265630
224580
232010
232770
233720
234650
218620
252950
255520
265330
270850
57300
224480
278360
239160
286690
287390
292910
303390
304050
307070
318100
318600
238320
274940
730
342300
298630
287290
359050
219740
322330
291550
389570
391720
365450
225540
431960
434570
434730
438100
440730
444090
448070
488440
508900
530700
535400
444200
566160
209080
644100
386180
304930
776890
813820
873150
967250
325180
