10180
10190
550
33230
70300
105600
72850
48240
202970
202990
212910
204360
205100
218680
99900
230410
238960
272350
209870
262410
44350
206420
252950
49520
16700
211820
273110
246620
286160
286690
301520
304050
304930
306020
311690
238010
322170
327690
730
335330
250900
273350
346110
346900
353560
363970
371570
322330
374040
380360
380840
381210
383080
385770
291550
391460
396890
397980
402840
299360
413150
280790
225540
414730
311210
421040
427520
428690
429660
431960
433340
424280
433850
438040
456750
462930
207140
377160
476460
502770
533300
469820
547680
557400
564710
566160
578080
588430
588650
610080
610360
612020
616110
627690
629910
646570
218620
652980
676500
690510
233130
255520
629520
724470
734750
751780
764030
772070
546050
823130
544920
897330
