10
80
100
70
130
220
240
380
4000
400
500
1250
550
55100
620
21100
3830
110800
207610
17300
49520
205100
55230
203140
205930
223710
262410
224260
233720
210770
65930
35450
233130
255520
200260
261110
218640
269790
34830
34870
278360
286570
292910
238460
310370
311860
227940
206420
307690
238320
261640
730
257510
322330
373330
391460
391720
444090
464960
491950
319630
530330
550650
581200
351940
603030
218620
304930
723780
734580
466240
231430
209670
57300
365450
222880
304390
96000
43110
638070
308600
1046930
