80
300
70
240
20
2400
2420
2430
8400
320
400
7940
2700
500
22330
29650
11390
8980
24800
10190
18110
550
46410
12100
12210
12220
47790
47830
39650
22350
50130
62100
43000
42700
42710
31280
1250
38900
49600
63700
50300
46460
105600
11360
11370
11330
11280
46540
45760
48000
107100
98900
17710
46520
200110
39160
41070
67370
204340
38700
203810
207250
209330
228320
63380
22100
211580
23700
207350
208670
96300
206440
70400
203510
730
209080
202170
49520
214560
202990
215790
204360
7510
42160
204630
219640
57620
33520
57600
4920
221020
71230
71240
71250
71260
220700
223810
223870
223850
51100
99900
113400
207230
212160
212200
230410
238960
214420
233630
237310
242720
265630
269390
224260
241640
21690
221040
107410
3710
234490
233450
224500
233740
233530
227680
224600
222480
3910
225600
234650
32900
57640
72850
236370
242760
229480
39140
91310
45740
218620
221680
244730
244210
239070
248630
222940
250460
251470
252490
245170
219990
247730
249330
250400
212480
261180
246580
261640
262150
263620
226980
266150
39150
211820
226840
221100
269230
94400
222880
250180
280180
281990
282440
282800
283840
208520
285900
286220
287700
274980
290080
700030
291410
291550
292480
293260
293780
293860
294810
286160
295110
433850
299740
304030
304930
214830
307880
256190
310790
310950
312540
291480
265170
244630
313400
227940
317360
258160
65980
319280
320040
320140
265550
323370
258970
307690
209650
209660
305620
332800
333930
334030
339610
343630
271590
344850
346110
346120
349720
291650
326460
255710
355840
356640
357190
359310
359870
232090
362890
363970
219740
322330
372000
372360
374320
380600
380840
252950
386360
290340
389730
390710
312780
393420
236110
287920
351970
298630
299360
410320
412450
413150
272890
420290
359550
431240
434650
438490
460870
385730
236870
442710
34270
447820
448510
231430
452510
453480
381210
466560
470220
473690
477160
394360
477870
482450
489520
273350
502750
504300
360430
289070
366640
524580
527230
543460
544750
493340
560380
570460
578080
582660
584210
586140
304390
593880
601510
606150
383980
493840
629760
630100
633460
638070
641990
520440
658970
666140
666220
667720
674940
677120
704450
711810
714020
435150
611500
436180
725480
678950
466240
215830
504370
755790
626690
813820
823130
844870
440900
681660
718670
880940
728880
582010
905370
638970
702890
921590
952440
1046930
