4000
6270
22300
24740
1250
11390
550
41000
24960
12220
33910
33930
219540
28000
42700
42710
22490
96000
104200
96100
111800
24240
102840
200020
2990
6220
12360
201510
48000
104900
204180
730
41800
63710
207420
219150
223470
227300
72850
11020
51100
109600
113420
208090
211500
230410
236390
250600
262410
265630
224260
253710
224580
233720
44350
234190
3910
241720
242760
224540
218620
214550
252950
254100
247910
259280
259620
263760
263980
264120
346610
265210
267980
273110
274170
222880
251570
278970
285520
291010
293540
301520
65790
302830
304050
304930
306040
306350
8980
49520
217490
729040
310370
312530
9880
227940
314020
200110
261640
331470
335330
340070
341310
342200
349500
349700
355150
355840
366890
370510
383120
383150
391260
391420
393420
395200
396160
397500
287920
399790
403040
280790
416080
420740
433850
434570
434730
438100
440760
444090
446020
449680
457330
457440
302670
508670
526740
530700
550650
555570
436520
575140
447820
588430
602890
506540
657200
735360
755790
771440
788260
813820
823130
869760
873150
914260
920490
304390
489520
1046930
