220
240
4000
6910
7670
409710
15100
15130
20900
13500
13530
13600
19980
17460
17410
19000
16720
22330
22320
32370
6010
32310
17450
32440
550
22370
33230
24960
8190
35140
43110
21090
8930
50620
31290
201830
105600
20920
48000
71340
110800
204030
67370
22380
108710
207490
102500
6980
211600
213330
206440
214340
50650
208580
58550
208730
205650
49520
200710
212780
219150
4920
204100
214510
226700
228280
212480
109600
206210
212500
219340
223710
250600
223750
226320
241640
256410
6020
32400
32420
225260
221380
233450
8870
224760
219740
322330
228300
234650
65930
222480
236090
72850
225220
242760
242880
225080
234080
229580
218620
239820
245280
238320
250620
219640
111900
252490
107410
255480
247660
245470
221910
260230
249130
261760
262060
265300
265930
267490
221100
268830
235460
247730
271590
237990
222880
200510
230840
239160
22100
48700
48720
213670
281220
246620
282140
254700
284990
236430
287390
287700
288470
292030
256290
295110
433850
295790
236830
298050
303800
304430
304930
306130
404730
215530
237850
227940
255070
316790
238010
320240
203160
241930
258520
302510
214490
239140
325520
24240
211420
330830
330840
268050
332310
305620
401090
339230
319630
341000
304240
344760
346900
307780
339280
350640
291650
345350
358090
366220
367500
369580
230230
373420
377160
319510
384190
383870
370240
386360
387290
388880
391540
234140
397900
408740
656530
414340
415200
391220
339340
210970
428690
440900
441770
34270
444090
365590
459090
381210
379720
474750
474960
359550
403640
496890
498240
385760
514900
535480
418370
545130
489830
550060
482730
447040
424840
460920
578080
579950
580200
289130
584980
585550
589360
603850
606800
577800
234270
631510
656200
611500
683320
715560
435150
582160
744570
746470
379430
268500
812140
854890
841370
883710
582010
893680
897820
898650
906810
907270
973760
601150
