240
4000
400
12900
20900
6060
11390
40400
23490
18820
12220
43110
42500
55100
620
91200
22610
105600
20920
113200
3830
72850
67370
22490
102600
206690
203630
207610
50300
7770
115320
12810
91310
208500
55230
7510
203680
220820
226120
220440
220090
227300
109600
222520
230410
236390
238960
262410
266450
235340
221040
232770
234190
65930
224420
239450
40300
207930
234390
243780
244590
250320
251690
253900
253980
254000
254020
254060
58520
204560
208730
219780
231140
238910
255520
257890
259280
260650
263620
264360
242700
211820
251970
271590
271860
274900
251570
275490
277510
283290
283330
286120
287100
287120
291210
292380
292630
292930
297020
351030
299460
287390
301520
301540
301690
301700
2820
303390
304930
8600
8660
307170
270570
308060
206420
316010
222900
202090
238010
272510
307690
24240
730
331870
305620
333930
277950
339800
342150
306930
343360
343860
344040
345920
346900
346370
349720
351800
354290
360830
363620
363970
365070
365270
365300
365720
365670
375220
257400
380770
381560
383080
383700
385260
385400
385770
386360
388410
388490
388750
391720
391740
253030
392450
225540
398710
399520
365450
402840
405950
409160
462780
416680
349040
420880
422250
422630
423880
270880
428430
429300
431960
433210
433850
435400
438100
460870
310380
99300
211160
443580
443940
444090
447850
447940
449000
455710
445230
459820
468530
477290
482920
485310
486310
495140
498660
506140
104900
360430
289070
312660
521340
292030
311730
550650
570460
575720
582550
285190
587050
219640
623940
628760
630100
638970
218620
655180
661810
666140
666260
672260
673780
323580
690930
611500
368420
436180
662330
726170
38400
215830
755790
766570
777050
783050
203750
209670
803820
637650
811360
627270
823130
840610
844870
270550
696370
304390
976310
331470
684680
