4000
2990
12120
20510
17390
29800
34900
40100
24960
32510
92100
105600
33910
96100
22490
201700
20920
104900
204180
219640
57690
214870
223470
4500
221260
218230
230410
236390
238960
265630
235340
253710
232770
72850
10
30
50
70
80
100
220
240
280
300
320
380
420
500
550
620
730
220240
239030
213670
265330
211820
269210
271590
274190
222880
274560
239160
246620
282440
287700
291010
286690
287390
301520
304050
304930
238090
306040
224600
311690
55100
227940
314020
314450
233720
203160
321040
250400
48700
48720
324800
209650
209660
327890
331470
332310
305620
332480
218620
333600
335330
250900
219150
274170
341310
342380
316390
343360
347430
347560
348020
348360
349500
298630
351470
351490
359050
359350
1250
232090
366890
265930
104200
263980
315430
341500
370510
322330
292030
374320
377290
383080
385800
389300
391260
391420
396160
225540
397500
399790
360170
403560
405010
407230
55230
206420
301910
407310
413851
413854
413855
413856
413857
416080
417110
418070
418310
420110
359550
623990
431960
391220
438100
439250
236870
444090
365590
457330
461720
462960
469990
474750
495890
223850
273350
504400
319630
509220
513000
513710
516750
324810
444200
489830
552100
562410
563560
436520
566990
422870
578080
585030
588430
304390
460930
602520
607260
506540
630100
636480
688690
466240
755790
379430
252490
863550
823130
884660
1070330
1046930
