300
1320
4000
220
420
11200
4700
10430
12900
9460
10530
500
18500
17480
17410
15620
9480
23310
24740
22200
4560
9340
20540
3720
29180
39800
20500
41500
550
20900
18110
41000
32430
18820
43500
20570
20820
42120
49600
8190
58400
33670
28000
8930
31280
57300
50620
42700
42710
22380
47810
62000
56400
63200
91600
73020
58570
620
72200
105600
20920
105400
92000
21100
19680
42910
33440
91310
55150
98600
107200
28050
55230
80310
65800
65730
201280
9200
32800
41070
99300
67370
96400
201700
207610
7670
200260
108800
42170
205910
208670
208140
35140
211420
211120
214360
214560
49520
221260
200710
65740
48220
218510
220260
7510
219910
211400
202170
220240
219740
322330
208480
203140
105000
220700
203160
227300
113400
236390
238960
240320
225260
216250
227180
230050
233450
48240
233470
220900
113020
202270
228300
234710
234190
234650
65930
204450
231430
222730
57640
233980
242760
242920
233250
241410
204530
244850
206420
246900
218620
239030
239070
47790
245280
96300
251730
252470
252950
253250
254440
255280
241540
219780
231140
207040
217690
57690
57740
257170
219990
250400
201790
260570
261030
262280
263120
263280
264200
264710
108600
215530
211820
249050
269490
270150
270210
210770
272470
261350
274310
237870
276770
239160
281990
282070
284160
284950
351030
286160
258180
287700
233290
290300
250560
292200
292230
293260
294100
295110
222900
107410
297810
299720
300570
292120
292140
301520
304930
307110
307290
307640
227700
310490
9900
311260
35130
313080
313120
313160
313740
265590
314320
220820
317100
226320
318600
320340
241930
326460
328080
305620
236110
338540
340730
341000
342380
344820
344850
345080
346110
346900
352010
255710
235540
306130
361280
248610
363970
339800
373410
374040
375200
380600
383080
384180
384310
385770
390160
394690
268870
360170
402180
365450
402710
405370
405710
407330
413150
280790
414730
415200
426000
427270
427520
428690
434520
438040
365590
524440
466980
467930
477160
482920
496460
506140
516750
360430
521150
521500
523650
533780
539670
545250
548430
447040
575510
581520
588430
598330
598960
606800
607380
610080
611790
621060
627690
633251
644560
645630
667890
368070
678800
686260
692920
466660
720250
726840
728730
730410
236870
368230
379430
537800
791930
797470
209670
220200
440900
860890
460930
934780
223850
