10
80
100
220
340
240
4000
6860
400
12120
12200
24840
10180
10190
620
55150
47790
49520
203140
17080
38830
51100
102700
104700
113400
208090
218230
230410
236390
238070
238960
243870
209870
262410
265630
224260
226320
246280
8870
233720
234650
218620
266430
550
271590
222880
225840
282440
285160
286690
286940
291210
299700
301520
304050
304930
291480
244630
227940
222900
317360
200110
203160
17580
221380
324800
17570
331360
730
333930
2400
2420
346120
346330
346900
355180
355840
28000
369200
223470
380600
382490
382850
386360
391460
394380
280790
431960
433350
335430
437160
438100
444090
596350
471710
488440
417910
273350
502550
319630
506140
513560
513650
312660
324810
530700
534500
536930
550650
555570
447040
436520
572430
578080
578310
236870
584210
587650
375230
591740
209080
608800
611790
615050
506540
626680
628440
666220
670290
676770
215280
233130
255520
22350
251950
723780
734580
466240
736190
698740
662320
55100
773920
774171
795580
809960
825310
827860
863550
611500
334210
884660
365450
769920
696370
