240
300
320
340
50
70
130
220
280
380
4000
6910
2270
2310
7670
409710
8600
400
420
2590
19900
500
21780
24740
29800
22200
3590
34900
11390
20500
667720
32400
40400
29120
550
41000
46420
33910
34270
47000
39670
9940
40300
38600
583930
70100
7520
72400
21100
71230
70000
620
104200
91200
92100
91700
11280
46510
107310
28050
55150
96100
42680
42690
24240
3830
201280
9200
72850
41070
203990
204880
108200
105800
207430
33100
33120
207610
211580
206610
104900
204180
108800
108710
202750
214340
730
209080
215670
218640
49520
202970
202990
212910
205910
7510
205100
223000
208200
220820
57690
1900
1930
224900
223470
212110
220240
4500
225600
224420
212700
227300
3483
262410
225260
224220
12520
33790
232770
224500
225140
91310
15900
210770
3910
216250
233230
234650
233270
65930
204450
238210
35450
233250
243120
243200
239450
244690
40390
247020
244070
248290
248530
218620
47790
226960
226720
250580
111900
251430
251530
251870
251910
252270
252550
253650
253900
253920
253940
253960
253980
254060
254080
254100
409720
247660
238910
233130
255520
257830
257990
258200
45500
238010
259300
259320
259360
259390
259470
259600
259740
244090
261110
261180
217100
252150
261490
262280
238430
262770
263060
263360
263460
263860
263960
263980
264140
264220
264300
264340
264460
264560
264730
265120
265380
266010
266250
226840
267670
267920
267940
267980
253880
268240
268320
268870
270090
270750
270760
271570
271590
271640
271860
12340
266330
273770
222880
274560
275470
275490
275530
277680
278360
279160
279260
279720
279800
280140
280640
281200
281220
281410
252010
281920
282760
282880
283180
283290
283390
283410
283660
284390
284710
284730
284750
284770
284790
284810
284830
284850
284870
284890
284930
284950
351030
285010
285050
285070
285090
285130
286040
286120
286320
286360
286570
287120
227560
287340
258180
288020
288880
288930
289090
289890
290650
291010
291090
291130
291170
292200
292370
292380
292410
292570
292620
292630
293180
293320
294020
294040
294140
294190
294230
294460
295690
295910
296050
222900
296870
296910
297020
297080
297410
298520
298600
299260
299460
299500
299720
300320
239430
301190
301200
301540
289440
301750
301990
302250
302260
303390
303510
303610
34870
271500
304500
304670
305820
306350
306410
8660
211500
63380
306950
307050
307070
307090
307350
307430
308000
308040
308560
310070
9480
55230
206420
310560
311080
311850
311860
311870
312630
312640
313020
313130
313140
313650
313830
314450
265590
275510
277950
315060
315070
315430
248470
311250
316660
317250
253510
317710
317920
318220
318430
318480
318570
318600
319180
319230
319320
319740
319830
320150
6850
6900
203140
247430
320540
321040
321150
321400
321920
321950
7860
322970
242640
323460
323630
323720
324420
238320
325370
325870
326120
326180
326190
327410
328500
328600
328680
328880
329000
329650
330110
330350
330990
331340
331440
331720
331760
331790
298110
332480
332780
333120
333740
334070
334560
335450
335460
335690
335700
335900
336110
336200
336250
317440
337040
337420
337630
338050
338320
338760
339130
339160
2400
339470
339590
339860
340050
340070
333760
340300
340310
340320
340360
340470
340580
340650
340770
341060
341090
341160
341310
341500
341530
341550
340820
341860
342130
342500
340220
342580
342610
342620
342650
342970
343090
343270
343280
343360
343390
343800
343810
343930
340250
344040
344130
344230
344300
344440
344500
344880
344910
345120
345220
345440
345540
345750
345920
346040
346560
346630
294440
346950
347030
347040
347410
347430
347590
347560
348020
348540
348800
348960
349140
349220
349500
349950
350010
350740
351150
351240
351250
351400
342240
351450
351470
351490
351720
351940
352010
352190
326950
353070
353220
353550
353560
358340
358410
358430
354030
354040
350810
354860
354930
355100
355150
355520
355410
355810
355860
355920
356070
356200
356420
356790
357120
356380
357200
357280
357290
357370
357600
357770
357780
357900
234920
358080
338530
359350
359560
359580
359810
270050
360380
360390
360590
360640
360650
360890
336420
360970
361190
361400
361830
361850
362610
362660
362890
363270
363330
363490
363510
363610
363620
363670
364230
364270
364350
364880
364890
365020
365310
365860
366040
364690
1250
366610
366620
366700
366760
366890
367300
367350
367780
368700
368720
368970
368990
369000
369040
369060
369080
369420
369580
369640
3810
3820
3800
369890
370090
370100
343100
370270
370300
370510
370550
370590
370770
370920
370940
371180
371210
371100
371220
371390
371410
371420
371460
371510
371570
371670
371900
372150
372490
372750
372820
371330
373140
373240
373290
373440
373730
374460
374830
375010
375040
375120
375460
375510
375580
375620
375680
375710
375770
375790
376920
377100
377290
377310
377570
378100
378270
378370
378930
379290
379320
375850
379990
380020
381120
381140
381170
381220
382080
382120
382300
382920
349020
383330
383520
383560
383580
383590
383930
384150
384480
384660
384740
367580
384840
384940
384990
385020
385070
385080
385150
385310
385490
384950
385600
385830
385980
386110
386140
386420
386540
386700
387070
386840
387840
387930
388120
388390
388420
388500
388660
389310
389400
389460
389810
390200
390290
390460
390570
306040
314020
390910
390970
391070
391130
391170
391300
391340
391520
391660
391720
391740
253030
391420
391960
392820
392930
328730
393600
391210
394280
394290
394540
394680
394760
394870
395100
395140
395170
395350
395420
396160
396530
395380
396790
396800
396850
370170
397570
397700
397770
397980
398070
397870
398150
391260
397500
407230
398680
398710
398940
398970
399000
399070
399120
399130
399270
399430
399530
399040
399790
399920
400240
400250
400370
400510
360170
400740
400790
401190
401420
401560
401840
402170
402220
365450
402850
369360
403510
403560
403570
311210
403850
403900
403740
404690
404700
397940
404850
405610
15700
405950
406080
406090
406730
407150
407290
407300
407880
408110
408440
407680
408750
409380
409560
409600
410110
410120
410130
410150
410210
410290
410430
409310
411120
412130
412170
412250
412270
412380
412600
272890
413680
414290
414370
414580
415030
415350
412230
415830
415960
415980
416030
416080
416170
416200
416260
416310
417730
418070
414070
418120
418360
418430
418440
418640
418960
419590
420270
420740
420970
421040
421060
421870
422100
422250
423550
423710
423760
423770
423840
424000
424170
424830
425340
426040
427770
427780
427930
428510
428530
428630
428760
428830
428920
428430
428950
429020
429200
429280
428900
429470
429520
429580
429700
430020
431260
431560
431710
431750
431860
431990
432020
432170
432190
432280
432470
432610
432950
433210
433790
434010
434210
434250
434300
434420
434610
434820
434890
436140
436300
436360
264240
437180
437890
438010
438030
438080
439250
439910
440340
440380
440760
431230
314240
441870
442180
434680
443420
205230
205950
443940
444220
444280
444440
444460
444480
444720
444790
444800
444260
446380
446640
447310
447850
447890
447950
447970
448000
448440
448470
448500
448660
448350
448780
448790
448830
448940
449120
449170
449200
449210
449220
449340
449440
449530
449680
449730
449940
450020
450110
450190
450650
448070
450850
451670
451700
451830
451880
452320
448520
453100
453670
453740
453770
453820
453850
453980
454040
454080
454100
454150
454180
454230
454320
454430
454670
454690
454870
454890
454930
455110
455710
455970
456130
456660
456810
457490
457520
457590
457710
458520
458600
458700
458940
459130
459410
460190
460910
461010
461030
461140
461230
461280
461390
461640
461730
461760
461850
461880
461890
462110
462200
462730
462960
463050
463100
463110
463150
463180
463210
463350
463550
463710
463930
464440
463870
464760
464960
465170
465540
466420
466730
467000
454700
467090
467330
467370
467390
467310
379720
467950
468330
468490
324060
468570
469890
470270
470450
467120
471170
471910
473140
473510
473520
473540
473670
473710
473730
474050
474810
474820
474910
475220
476480
477140
477290
477980
478010
475250
485080
269710
485310
485370
485390
485410
485430
485440
485450
485500
485560
485570
485580
485730
485740
485790
485830
485950
486360
486820
486840
486880
486890
487030
487180
487220
487270
487370
487530
487700
488220
486500
489020
489220
489470
484950
489580
489700
490690
490820
488280
490860
490870
490880
490940
490980
491030
491080
491170
491260
491330
491580
491720
491730
492130
492170
490300
493780
494120
495010
495090
495780
495960
496500
496550
496680
496690
496980
497020
497350
497400
498030
498040
498050
498620
498660
499420
499580
500150
500790
500940
486480
501050
501120
501920
501930
502090
502100
502200
502700
502910
503430
503480
503820
503830
503410
504400
504490
503420
504980
505210
505760
506670
507120
506590
507380
507390
508170
508180
508530
508540
508670
508760
508820
508960
509240
509600
509840
509910
509930
509960
511390
511470
511670
511750
512020
512450
512550
512740
512770
513340
513510
513570
513580
513610
513620
513820
513880
514220
514240
514290
514340
514660
514890
514920
515310
515890
515910
517470
518620
518670
518730
518800
492610
519990
520520
521930
521940
522010
522490
522570
523150
523160
523790
524340
525300
526460
526540
526740
526750
526790
527540
527750
527760
527770
527800
527810
528070
528090
528660
528770
529130
529240
529420
529480
529900
530330
530540
530920
531860
532090
532600
532660
532700
533150
533620
533640
533890
534010
534200
535290
511490
535400
535690
535760
536340
536430
537090
537360
538590
539440
539450
539460
531490
539700
539720
540610
540640
540900
541100
541370
537860
542260
542340
542400
542430
542740
542930
543160
543270
543320
544140
489520
545230
545370
545410
545590
545690
545860
546340
546380
546400
529760
546610
546980
547470
547960
548320
548930
548950
549810
549900
550420
551100
551110
551670
551680
551930
552160
552390
552410
552780
552900
553340
553780
554310
554330
554530
555080
555570
555700
555710
555760
555850
555890
555920
555940
556010
556130
556160
526920
556280
557260
558620
558810
559310
559350
559620
252850
560220
560710
561420
558610
562240
562270
562360
562430
562520
562650
562660
562690
562760
565110
566060
566220
565340
566670
567000
567060
567250
521340
567280
567290
567580
567600
568450
568860
569610
570500
570550
571020
571870
571910
422870
574580
574810
574850
575130
575140
575490
575700
575840
575860
575870
575880
575910
576440
576470
576560
576660
576880
577740
579150
580420
580680
581030
581100
581610
581640
581800
581810
581820
581970
208140
582280
582430
582890
583490
583660
584890
585790
585830
585860
586170
586380
586960
586970
587390
587650
587830
588100
589410
589430
590870
594720
595440
595550
595640
596170
596590
596870
597110
599100
599840
600330
601280
601870
602120
601240
603030
603080
603150
603370
599880
604140
604200
605510
608390
498320
610670
610840
610930
611140
611770
611960
613010
598470
219640
614460
615490
616240
618490
619400
619520
619730
620130
620240
622170
625370
626160
628520
628760
628840
631530
635000
635060
635880
636310
638800
236150
305050
589850
661800
667360
304930
323580
679990
685230
22350
703920
365170
368420
113020
714070
719730
722240
480430
337000
745710
476600
476620
231430
368230
767560
770510
795100
228200
209670
813820
236870
840180
203770
232050
856980
270550
863550
439190
490220
871720
334210
304390
96000
491950
402390
510840
967250
638070
