30
4000
2990
20900
29800
33100
17450
550
41000
31170
8190
58200
39500
39510
65540
22490
47870
15740
15750
45450
73020
620
104200
105600
55230
41070
10220
204340
102600
20920
204180
12790
214170
20500
20530
20550
55110
667720
115320
215670
218510
204360
217490
214560
219640
201790
1930
204100
224300
17080
47410
104700
109600
113420
200210
206210
208090
212500
218230
227240
230410
236390
238960
258700
206480
214420
217750
248570
265630
271290
202090
206500
224260
226980
253710
263540
224220
233860
72850
242760
242880
246420
239030
241910
248170
239820
237740
252410
252630
253900
253920
254000
107410
235800
258590
259530
262060
263060
264360
264710
211820
367540
230230
271590
200510
225840
286200
287260
287700
233290
293540
289130
238460
298890
301520
219760
303800
304050
304530
304930
305260
250400
224600
227700
312990
9880
227940
265300
317360
317410
317470
200110
258160
318100
241930
238320
326360
327640
327690
328060
329070
211420
17570
331470
730
10
240
332070
305620
332800
333420
282070
333930
334030
214340
219910
220740
255280
255320
335330
335820
338180
339610
340540
340800
340810
340830
316390
343630
345130
346010
346900
342480
349700
342240
351800
329430
353360
353640
39120
255710
356670
360940
361420
363970
364110
364470
365300
365720
365900
365670
238370
369300
369990
243970
219740
322330
371970
292030
372800
223470
376570
376870
378610
380020
380600
380840
381640
382140
382310
382490
383080
383120
385260
385380
385770
386360
386880
291550
389300
397100
397980
391260
398450
402840
404790
299360
363890
407530
407560
408930
236110
412470
413150
280790
414290
415030
415270
415860
417860
418070
40720
426000
427270
428550
428690
429680
429790
427730
431240
431960
434570
438040
438100
438680
384490
441010
359600
442710
444090
444930
446270
348460
365590
447890
448460
438480
205890
457440
457480
457760
409660
461560
461640
462200
463530
464700
381210
377160
472680
474750
477160
478960
480490
214850
487000
488440
48000
488280
491170
492150
495910
496920
497860
503300
506140
508170
508390
508600
509600
513000
513560
519190
337000
397060
522090
524660
527230
403640
307780
531960
217980
534500
536930
537180
540610
542350
544920
545650
547680
548430
550470
550650
444200
555570
556240
557780
557810
8500
560260
560430
447040
402560
564710
567090
438740
569480
571310
571350
575720
575830
578080
578310
582830
585950
588430
588650
588690
375230
591960
593280
594650
595140
597220
598700
601150
606140
511800
607380
607460
612020
619700
619880
626680
628440
628700
629760
632360
639780
639790
641990
644560
204300
646820
386180
648430
218620
657200
658320
666860
667890
668770
670290
674400
678540
680360
692920
702160
703950
703980
704270
321400
466660
718090
341890
723790
726360
731770
732430
734580
480430
743130
215830
504370
755790
759530
761890
763410
767560
768840
770500
771060
778700
589780
697960
786680
790600
791930
794600
795100
322780
252490
805940
813630
813820
590380
382560
821810
433850
823130
836440
553660
844870
852480
440900
859680
861920
869760
209080
608800
611500
879510
884660
906810
914260
915580
222880
927890
939510
964470
681660
717690
984110
707010
489520
1003520
939960
1045050
219830
345330
