10
40
60
80
100
240
300
320
1200
4000
6850
220
380
420
22000
12210
42700
42710
40800
47870
4540
50300
620
91200
8930
70600
24240
55230
6100
204340
4560
228200
730
215670
200510
218640
23420
10090
202970
202990
212910
43110
224420
4570
204080
113400
236390
223710
253710
225260
233720
216250
72850
243120
243140
233840
245170
209160
209170
550
273110
275490
278970
282440
282660
288060
8870
222900
35450
236830
304930
63380
317400
319510
209650
209660
331470
355840
365300
365720
57300
417860
438100
530620
489830
607260
236870
