10
80
100
50
70
240
2100
4000
6860
6910
6980
1700
4550
475150
220
340
360
380
13560
17300
13210
17410
22120
22140
24740
29800
34900
10130
20500
667720
32400
6020
20900
39500
41700
39510
24960
8190
33910
33930
39670
40300
50620
462780
42700
42710
31280
40800
22330
78000
4540
92800
93200
70000
104200
91200
92100
105600
20920
91700
21100
46500
46510
729040
107310
55150
96100
65540
32800
17710
46560
47400
113200
12120
72850
41070
201570
12130
204340
108710
203630
208140
104900
211740
40950
40960
40970
40980
204180
214830
214340
201790
9010
209080
730
200510
209540
219640
200710
203140
219150
200170
214590
214560
219910
220740
211400
57690
218740
1930
223470
225140
4500
43110
214510
224420
2280
2290
2300
220440
220090
40330
395560
13140
113400
113420
200210
203290
218230
230410
238960
300970
223710
286100
224260
264380
224580
228260
203160
232770
44350
222480
234650
228300
237570
35700
35720
242760
243120
238050
239800
39140
239450
40390
218820
234390
241910
248310
248820
235600
225280
226720
251570
251870
251990
252670
253570
253900
253980
254060
49520
234000
255320
22180
238910
233130
257890
258050
258090
262300
258200
247140
259390
259680
221910
260430
261110
252150
261700
262150
262240
263060
263080
263100
263620
263980
264060
264200
264690
264710
264730
215530
266210
266430
91310
216250
267060
267360
226840
267980
268240
218640
268810
268830
268870
269110
269210
269250
269890
270050
270550
550
7670
8870
409710
409720
271570
271730
271820
96200
271860
272470
39550
245050
222880
274560
274980
275470
275490
277430
277510
6220
239160
278460
278570
278640
222900
235210
254700
282030
282440
282900
283290
281860
284950
351030
285010
285050
285420
285580
286360
286570
287120
287340
258180
288880
233290
290990
291010
292380
292480
292620
292630
293180
201810
246900
265210
295690
295930
296710
296910
297020
297100
297490
35450
236830
282800
238460
227300
299260
299460
300220
300300
286690
287390
301480
301750
65790
302950
303390
95400
303840
304930
240970
305480
305740
306040
8600
8660
63380
307050
307070
307170
307230
307350
227700
310360
311290
312640
291480
215080
244630
312990
313120
313400
227940
314020
313020
314200
314250
314450
200110
277950
315430
315810
315920
316720
317040
318430
249230
318600
319180
238010
317300
320760
320840
321040
323370
301970
324070
324160
238320
305050
327260
261640
24240
328890
329380
330350
330830
218620
214610
333220
333600
335430
322330
338050
338060
252490
338340
2400
339800
340280
340360
340730
340800
341310
342380
343360
324810
343930
344040
344910
345120
346080
346110
346210
346900
347430
347560
348620
348960
349680
287290
341500
21690
354930
355520
356450
356670
358750
359320
232090
360870
299740
363270
363490
363970
1250
364690
367430
368140
368990
247950
370100
351710
371440
292030
375510
379290
382110
382900
383080
383580
385150
385800
391070
391740
253030
394680
382490
397270
337000
236110
4700
57300
403900
403740
15700
377670
368230
496300
280790
416030
418960
426000
391220
377840
431960
433350
438040
438100
34270
451760
457550
379720
487430
488660
491950
442080
508530
515020
572960
578080
212740
590690
611670
620980
374040
635240
673070
323580
368420
113020
308040
745880
231430
239200
552500
203770
232050
350280
304390
638070
308600
278360
