10
24780
620
48000
227300
11020
238960
262410
265630
233450
242760
239820
242050
271590
222880
48700
286570
227940
232890
302510
730
339610
346900
255710
363970
365670
291550
397900
413850
413853
413854
413856
368500
314000
431960
424280
438040
444090
444220
445230
359550
513650
397060
456610
528660
534500
447020
482730
482750
556280
556870
252950
567290
422870
575640
578080
583760
586960
586970
588430
601510
603570
604810
218620
323580
704040
365170
113020
725340
738390
755790
757240
236870
203770
439190
950100
