4000
4700
50300
55100
105600
209080
49520
217490
99900
109600
113400
207230
212070
218230
230410
236390
238960
209870
214420
248570
262410
206500
225260
210770
65930
254300
261110
266150
268870
57300
239200
273110
286570
286940
301520
302830
304050
215080
227940
327690
261640
17570
331470
333930
348020
355840
356670
364470
367120
219740
322330
375950
381990
386360
291550
389300
391720
393530
287920
400040
299360
280790
414530
415660
416130
421670
423880
431540
424280
436820
438100
438920
439350
244930
444090
446150
446270
451360
459820
465520
471710
472680
475070
302670
495910
497640
508900
513000
523740
324810
533540
544920
550650
552990
555210
555570
302590
568770
570840
578310
581130
588430
351940
591960
601510
607260
617670
624460
630100
637850
386180
649900
655300
666220
667890
17500
671720
304930
690510
691020
698780
700330
251950
436180
734750
734910
735850
738060
480430
215830
231430
236870
368230
768840
405710
778700
786410
787450
788880
792480
209670
809960
813820
433850
232050
490220
13250
611500
884660
619080
730
893520
681660
1024500
1045050
