16450
7860
1250
550
42120
42500
462780
35130
70100
7520
50300
55100
44340
22610
57900
98500
20920
8980
55150
32800
24240
9200
33180
67370
201700
108710
63380
409710
200260
12750
91310
35140
205100
33600
218510
218640
55230
7510
203140
200170
223470
1930
225140
214510
224420
222980
113400
206210
224260
226320
241640
225260
217920
224220
44350
210770
222480
204450
234650
65930
228300
35450
215530
57640
233250
239450
225160
215550
45740
218620
243780
209000
233840
245280
251530
251690
252010
252490
252950
253650
253940
253980
254060
254100
49520
209160
209170
409720
224860
238910
233130
257830
250400
259360
238430
261110
252150
261640
261760
262280
263060
264730
265930
22650
22670
267920
267980
253880
3270
39530
39560
65560
206760
269790
269890
270550
271570
271590
57300
273770
222880
274900
275490
279720
279800
282070
282140
282880
283390
284930
284990
324060
285010
351030
285050
285090
285130
285840
286040
286120
289090
292370
292410
292570
292620
293180
294020
294040
201810
41050
227780
296830
296910
297020
298600
216250
299460
299950
300220
239430
301190
301640
303390
34830
271500
306350
306410
307070
307350
311860
312640
291480
314450
277950
315060
315080
265300
317250
318220
318600
319150
319180
321040
321150
321400
265550
226720
232890
272470
239140
307690
238320
324760
326120
328500
211420
333930
334070
334300
335300
339190
319630
339470
340070
340300
340310
340320
340650
341090
341550
340820
304240
292120
292140
342970
343360
343390
343710
344040
344130
344300
345120
345220
345920
346950
348450
287290
351470
351720
241930
326950
329430
275100
350810
354860
350080
355280
355920
356130
357280
45770
357780
357900
358080
358410
360890
360970
361190
362610
363620
365770
364690
366760
366890
368990
369040
329050
370090
371390
371510
371570
372490
374320
375460
375620
376520
378100
382120
382300
382490
383560
383580
384180
345180
385490
386420
388210
388390
389400
391720
391740
392820
385240
234140
393660
394540
394680
394760
395170
397700
397730
397980
398680
398710
398840
399790
400170
400240
400250
400370
365450
402840
403570
403900
403740
351970
405950
406090
236110
410670
412600
414290
414580
415960
416030
416170
416320
416350
417430
418950
420970
422100
422250
423760
424000
424830
339340
427190
427780
428430
433210
434010
434250
434610
264240
351940
438030
438080
384490
441870
442180
443420
34270
203750
99300
211160
443940
444220
444480
447850
447890
448630
448640
449200
449220
449340
449680
449730
448070
453980
454890
454930
455710
370770
457710
458520
461910
462030
463710
464960
467370
379720
468320
377160
469890
473520
473560
274500
475220
476480
477290
477980
485310
485410
486360
486820
486880
487220
487270
486500
489140
489220
327030
423950
484950
48000
491080
491260
491720
491950
490300
494660
498660
273350
503820
504490
506140
506730
509840
513590
513650
514480
514660
104900
518800
522570
526790
529240
525070
530620
534010
535760
536930
537340
537360
538590
287700
311340
540900
541370
542340
542350
542930
543460
546400
529760
547960
489830
554330
554530
556160
252850
562050
562270
418370
501590
567290
575490
575700
575860
576440
576470
463150
581640
582280
585550
585790
586380
588420
588430
591010
592580
600310
604810
378540
498320
219640
618030
619400
236150
323580
251950
436180
735360
231430
209670
492630
236870
337000
513780
203770
439190
490220
795100
350280
884660
63500
304390
730
950100
952440
43110
225540
