6200
2200
17410
6060
17450
22370
47730
3900
21130
1630
1640
47890
17470
47780
113200
22490
207610
211600
211740
211420
200170
205790
57690
99900
200210
39120
223710
271290
245550
8930
232770
65930
72850
233250
12120
12210
91310
10
20
30
80
220
240
280
300
400
500
550
620
730
237110
217980
213670
221910
261030
40970
271590
57300
239160
281450
246620
282440
219740
322330
222900
289130
301700
38400
38420
26800
280740
317400
317790
319400
241930
221380
323190
307690
330840
282070
339190
346010
352520
255710
356040
8870
1250
232090
365300
377160
390290
399750
234140
405640
268500
428280
245620
239140
429570
438420
374320
48000
403640
273350
292030
530620
533300
536220
539730
542970
542971
542972
542974
563560
578080
588430
591960
614570
228360
386180
424840
466240
368230
560130
795100
480490
897820
961440
1046930
