10
80
100
4000
29800
1250
550
70100
104200
55150
204880
207610
204180
209080
34870
104700
206210
230410
236390
209870
203160
232770
234650
65930
253980
233130
255520
263060
271590
57300
239200
254700
286570
293180
294040
228180
297020
351030
299460
304050
304930
238090
306410
227940
277950
315330
321260
321400
221040
238320
730
332790
332800
335240
343360
345920
287290
355920
356370
357280
270050
360970
363610
370090
322330
375460
378100
382120
385890
386360
291550
391310
394680
394870
395170
225540
398680
399100
287920
400040
400240
400250
365450
402840
406090
407250
411480
412880
420850
422100
314000
428430
428950
428900
429470
429680
431960
433800
434250
434610
437160
438040
438480
439910
443940
444090
596350
444220
444520
444260
445720
447850
448070
448660
449220
450860
454150
454890
457710
461910
462030
462960
463180
463220
464760
466730
467370
467390
470740
473470
476480
485310
485370
485450
485730
302670
488580
489220
484950
491950
496550
479130
498660
273350
502400
391720
507010
509000
515910
516950
526540
526790
527480
324810
529950
530620
533150
533620
533640
535760
536930
447020
541180
542340
542430
489520
546400
529760
529840
547960
550650
554530
555750
252950
562220
562270
562360
566060
422870
574030
574640
575490
575720
576010
576560
576880
577460
581970
582280
586380
587050
587590
587830
588420
588430
590420
593290
596170
596870
603290
603570
604810
605520
605530
605910
607700
608560
610930
598470
506540
617240
617710
618030
618490
620240
621050
623550
635880
639840
218620
655300
655310
655460
657770
661810
667360
667920
804320
236870
433850
439700
611500
222880
304390
654310
961440
