300
220
4000
17470
22200
550
8190
70100
40800
42910
620
105600
55150
24240
55230
67370
204340
207610
204360
223470
109600
208090
230410
236390
238960
258700
272350
242720
265630
224260
241640
221040
210770
215690
72850
242760
247310
218620
253900
231330
257890
49520
217490
244930
262280
263980
266010
257750
211820
367540
274560
251570
225840
286160
286940
293180
216250
282800
238460
301520
302830
304050
304930
224600
311690
313020
206420
269210
321150
261640
10
240
730
215470
219150
342300
344910
346900
348020
349480
349700
360640
303390
363970
366890
219740
322330
374670
312530
380600
380840
382490
386360
386880
291550
389300
391070
236110
400240
403900
405640
410210
412020
412130
225540
414070
429700
431960
434650
434730
264240
438030
374320
444090
365590
457440
292030
307780
550650
8500
252850
562360
578080
582500
375230
222880
601650
619910
386180
671510
323580
377160
240720
700330
22350
504370
813820
433850
823130
878750
884660
893030
963690
43110
395170
285800
