4000
17300
17330
17340
20900
12210
15620
29800
35700
34900
550
33230
24960
33910
33930
219540
35130
50300
620
104200
92100
105600
107310
96100
24240
201870
55230
20920
204180
214340
202170
209080
204300
204360
41000
41010
41070
219150
1930
208480
17080
99900
109600
113400
200210
208090
230410
236390
238960
240320
263500
272350
233630
248570
262410
265630
224260
235340
246280
224580
229520
203160
232770
65930
210770
72850
35720
237570
91310
216250
220240
243780
218620
235600
219640
204450
233270
251570
251690
252950
253900
253980
254060
107410
255870
258050
242050
49520
217490
259600
209000
262590
263060
263980
264140
265930
271570
271590
273110
274190
222880
274560
275490
278640
222900
280160
287700
289090
291010
291550
293180
295690
297020
351030
298520
238460
299460
301190
301460
301520
301680
302830
303390
304930
306040
224600
307290
215530
272470
227940
314020
313020
314450
206420
315430
315640
315920
317510
205790
6850
6860
6900
203140
205930
247430
274170
302510
241930
239140
326180
326190
326410
261640
223650
211420
330350
10
80
100
240
730
332070
340070
333760
340310
341310
343360
344910
301640
346010
346110
346900
347560
301910
341500
351470
351490
39120
355150
355520
355840
306130
360380
360650
363490
363970
364270
364690
366890
368990
369580
370100
370510
322330
375510
381640
383580
386360
390670
391260
253030
391420
393420
396790
225540
397500
399430
403900
235540
405610
238090
407230
407840
388410
462780
416080
429470
433850
438080
438100
439910
440760
236870
444090
454890
457490
461140
463210
470600
488280
273350
512470
312660
292030
489830
8500
447040
572430
355790
603190
368420
209670
252490
823130
203770
863550
884660
211820
367540
304390
384490
43110
1046930
761890
