12210
12220
620
12110
12120
102500
217490
219780
223470
113400
230410
238960
44350
72850
242760
252490
258220
264710
236430
57300
278970
286690
286810
289650
319910
226560
272470
261640
332950
337410
271590
364470
380600
383150
386360
291550
394380
404590
377160
388410
431960
438100
440900
236870
444090
471550
475150
523650
545250
489830
550650
438740
578080
588430
460930
594650
306130
9480
386180
674400
414340
435150
726360
38400
755790
611500
810670
817460
552520
552500
863550
878750
880510
897820
304390
730
961440
1024500
1045050
