300
4000
500
20500
667720
550
24960
8190
33910
33930
620
9420
55230
64000
63380
204360
49520
217490
34330
219640
201790
11020
109600
230410
236390
238960
39000
223710
265630
224260
252150
244450
278360
48700
282660
285160
292910
301520
302830
226840
304050
304930
227940
730
333420
346120
348360
364470
322330
291550
400040
299360
409510
444090
446150
449680
9450
468250
289070
534500
558100
563560
566060
208140
351940
204300
666220
691020
698780
700330
504370
795100
252490
813820
203770
863550
489520
285800
343710
1046930
