2100
4000
6850
220
380
11450
15170
20900
15380
15370
9480
17410
1250
35420
6060
20500
550
10680
24960
8190
41000
41010
70110
47870
21100
42910
12120
55100
70000
620
105600
57970
91700
55150
70600
17710
32800
72850
2400
204340
102840
67370
33120
207610
63380
104900
92600
108710
202750
201790
204300
200260
49520
217490
202970
202990
212910
200710
209670
214560
211400
215470
4920
1930
223470
55230
204100
220440
200210
203290
206210
208090
218230
230410
248570
265630
269390
202090
224260
224580
220050
217200
233720
43160
233250
243120
241410
244710
224540
40390
91310
216250
246900
265210
239030
248330
248390
250620
222880
219640
252110
252630
253980
231330
255870
233130
209000
219830
249130
252150
262280
238430
263820
264240
265930
266050
266430
211820
367540
226840
268220
269210
271860
57300
239200
272620
273110
274190
274900
251570
225840
48700
239160
222900
280320
282440
33930
285160
286360
226100
294040
20510
41050
41060
297000
298520
204360
238460
299460
8980
729040
301460
301520
65790
302830
304050
304930
238090
250400
306830
312530
206420
315460
315920
296470
203160
321360
321400
242640
238320
260330
327890
308420
331470
274940
10
80
240
730
332570
218620
282070
333930
277950
337320
252490
338420
219150
274170
316390
348020
298630
297130
35450
355180
355840
356040
8850
409720
356570
42120
322330
371970
376870
378100
380020
381120
382120
386360
387060
391540
394310
394970
382490
400240
299360
50620
388410
462780
413150
280790
416680
417430
417860
418070
422100
422970
428690
427730
431960
433340
424280
434010
434570
435530
438100
320040
34270
443810
444090
449220
452060
462030
473710
475550
50130
48000
273350
402570
535230
489520
469820
563560
463150
578310
249050
588430
596650
628770
635200
504370
394230
305050
323580
698780
705220
717640
241930
368230
466940
203750
813820
433850
13250
939510
43110
278360
1045050
1046930
