240
300
320
340
4000
22200
1250
33230
400
24780
40300
31280
21090
21110
35480
32800
22230
110800
67370
203630
200260
210170
91310
212010
35140
8330
8200
200710
205910
34030
218680
57690
1930
34330
43110
221380
109600
113420
200210
208090
211500
212070
212500
218230
230410
236390
238960
272350
242720
224260
263540
44350
3910
234650
215690
65930
35450
242860
242920
40390
218620
231040
111900
252950
253900
253980
254000
254040
257890
261430
211820
367540
270550
8930
550
271590
273110
11450
12770
12830
274290
222880
48700
282440
287260
293480
294020
300080
304050
18400
304930
39650
39660
39680
307880
308420
291480
215080
227940
316010
258160
321040
322190
323060
238320
326410
17570
331360
730
337950
343710
346110
349700
355840
364470
365300
369200
247950
386360
291550
393530
214950
10500
345260
4700
345240
360170
404410
280790
414530
424780
436110
436150
438040
34270
444090
444250
444640
365590
4570
4760
228200
310380
474030
359550
302670
273350
512470
513650
529780
531800
489520
552990
530700
444200
555570
558100
8500
562240
208140
588430
599390
219640
506540
630100
634070
667890
672680
700030
251950
466240
737010
743370
504370
755790
231430
379430
794820
252490
809960
813820
236870
433850
203770
853230
439190
611500
905370
961440
964470
530630
225600
761890
