70
4000
220
380
400
420
17410
33910
550
22370
8190
33930
219540
50300
620
72850
207610
211740
209080
49520
217490
223470
203140
227300
230410
224260
224580
203160
8870
3910
234650
65930
220240
250320
252490
217980
233130
261030
263280
237990
222880
274520
239160
286690
287390
304930
227940
314160
318600
238010
331470
10
240
730
305620
218620
282070
337320
319630
316390
349700
355840
365670
219740
322330
391460
393420
394380
360170
365450
413150
427820
429570
434570
438100
442810
444090
456670
378370
505040
530700
536220
555570
402560
643270
386180
667890
700330
727640
730590
466240
368230
804320
761890
