10
80
70
220
340
380
3910
240
4000
420
19900
12200
22300
10500
33910
17390
24720
35000
33230
24960
3990
8800
16810
22490
620
96000
105600
35450
236830
24240
55230
105450
204340
203770
20920
210350
204060
204100
113200
730
204360
49520
217490
34330
219150
200170
223470
219740
322330
203140
16700
40950
40970
47400
224540
72850
208090
212070
230410
236390
238960
214420
248570
265630
206500
343450
253710
8930
203160
204080
230050
8870
113020
224760
216250
222730
218620
242760
242920
12100
12110
12120
12210
91310
220240
236850
239820
232810
422420
206420
204450
233270
251830
252490
252950
242550
214950
233130
250400
242050
258880
262060
265930
9200
267530
221100
550
271360
271590
34870
274170
274190
222880
278970
281990
294100
222900
57690
208520
245620
227300
301520
302830
304050
304930
38410
227940
269210
65980
238010
221380
287450
232890
298110
338180
250900
340540
341190
316390
346110
325610
346900
353640
255710
356130
232090
363970
365720
374320
375950
377160
385770
387990
391460
394360
394690
368230
496300
413150
428690
239140
431960
391220
424280
436150
443810
444090
365590
457140
462930
466560
289070
474750
488280
513000
292030
307780
539730
542970
542971
542972
542974
550650
302590
569480
578080
588430
621060
552520
644930
657200
629520
726390
728730
734750
466240
743640
337000
758980
379430
804320
812140
359550
813820
236870
859580
611500
878750
927890
304390
963690
43110
638070
1004240
492720
1046030
1046930
