240
300
320
2500
2990
12360
12210
24740
3590
6830
17410
6120
35130
21100
42910
9990
400
620
95300
105600
94200
48000
28050
102840
110800
35720
203810
99300
22490
205350
200260
108800
200390
205910
201790
113200
204300
730
72000
214250
41500
214970
204360
49520
217490
200710
209730
41000
41070
218680
219150
55110
204100
222980
223430
4570
218130
204080
109600
212500
218230
236390
238960
271290
202090
206500
239220
207930
233720
234650
231740
65930
233980
229480
242760
233250
1250
237110
218820
218620
47830
207140
251970
252110
241540
58520
208730
219780
205650
91100
207040
234670
261030
242700
261760
265930
214870
241410
253690
550
222880
274560
281280
282440
285900
236430
243470
249380
8870
293780
238460
222900
108600
301520
250400
38400
311690
312990
268420
314150
269210
298520
220820
320040
323850
301970
214490
239140
302710
331360
305620
292030
282070
335240
322330
331650
252490
353700
363970
365300
365680
238370
291550
394510
395570
377160
373420
427520
275850
493060
319630
361300
522740
530330
392110
548430
489520
594650
572520
674750
723110
813820
544920
880940
884660
1046930
