10
30
40
60
240
20
50
70
130
2500
2100
4000
4540
4550
475150
2270
2200
220
340
380
400
420
12900
13240
16710
22000
22300
1250
34900
6840
20900
10180
10190
550
38210
3730
38700
45400
8190
57300
70300
41050
41060
8980
729040
10090
38720
22330
9010
42910
63710
620
104200
20920
105600
91700
107310
96100
40800
24240
113200
41070
204030
204340
22380
109500
207610
104900
211600
204180
42170
211440
205910
209080
730
49520
200710
204360
219150
205790
219640
219780
214870
223470
222980
221640
224540
227300
8930
230410
223710
224260
235340
203160
230050
232770
6860
233720
31280
113020
224760
235070
218620
231160
72850
217140
239800
244870
246900
255520
265210
239070
239350
238320
250320
250900
252330
252490
253030
253650
247240
219990
233130
235800
250400
247910
259530
259680
221910
238430
261570
262830
263440
265930
266210
267360
22320
221100
269210
270550
247730
271590
222880
282140
282440
288470
219740
238460
248650
301460
65790
304930
315430
274900
319510
238010
221380
261640
330840
305620
332800
257510
338170
230290
339800
342580
351490
354140
359050
232090
362890
365720
366320
367500
367520
292030
374320
387290
403560
414700
422970
434250
464060
489830
562410
575550
578080
603260
604490
612880
656600
657200
678190
240720
435150
38400
804320
583950
1045050
1046930
