220
340
320
380
3910
4000
4540
4550
475150
12120
13230
13500
13530
12210
25900
17390
24720
17450
41700
19900
8190
21130
3170
63910
63800
10
80
240
47870
40800
92800
70000
620
105600
91600
48000
107100
46560
113200
65800
201870
107600
48240
15560
98800
105450
115110
20920
22100
48700
48720
203630
211440
98300
211360
211340
210170
208140
20500
209080
202170
730
212680
204360
49520
200710
209670
205910
219150
200510
205790
41070
204340
4920
220460
1930
7520
203140
223470
201790
214510
224420
42910
388410
219890
223850
230410
236390
238960
240320
202090
8930
203160
233450
113020
232050
228300
234650
220200
65930
215530
224440
72850
233980
219740
322330
242920
233250
95000
239450
238240
244850
201420
220240
9480
40390
55230
225640
234390
247020
221680
231040
248860
218620
238280
225280
250580
250900
252490
252550
253980
227300
219990
257890
254440
219830
226620
261760
262060
262280
263740
264140
266010
266170
211820
269110
550
271590
237990
237870
280040
281990
246620
286160
286200
286690
287390
288160
290080
290890
291050
266840
293660
297490
35450
238460
299460
300550
301520
302470
226840
18400
304930
203350
289520
306660
63380
308040
206420
311100
311690
46260
214730
289400
289480
315430
259680
317040
318600
207170
251730
238010
258180
320300
321040
319850
322170
322190
221380
302510
324260
239140
326410
326460
24240
289130
65980
330460
331470
282070
249050
335790
317440
257510
319630
265000
304650
342620
342980
344850
345080
346010
346110
230190
266510
291650
255710
355840
8870
306130
359320
360640
361280
361830
362350
362490
248610
365450
367450
367520
265930
238370
292030
374040
376570
247080
380600
381120
386360
290340
387290
387990
394310
399640
236110
238090
368230
410380
413150
414290
225540
415030
414070
225260
232790
246090
246110
426000
222730
296970
427520
431240
431730
431960
435150
268500
436110
437890
438040
438100
310380
437220
443810
444280
446790
449710
275850
456670
457140
466560
377160
327030
504370
512900
578080
588650
599140
392110
386180
554620
746710
804320
869760
222880
1046930
