550
42910
620
20920
72850
104900
214340
206440
219910
57690
234650
65930
238210
253650
219990
261180
266940
268870
222880
48720
281750
281920
286500
286570
295690
286690
287390
301640
302120
238090
313830
265590
313340
318600
238010
330470
730
340320
343360
235360
344790
348020
349500
315880
357290
361190
368710
219740
375460
384740
385950
388120
390870
390970
391720
398710
400510
365450
403570
405610
406210
422610
431680
439910
448000
448780
454930
460960
461640
462070
466500
466790
473670
474910
477160
485410
485420
485950
490820
496870
501930
508170
510550
513530
521930
521940
292030
526540
527480
527990
528090
533330
539380
546380
555700
555940
566160
577460
460930
603130
621530
655080
692180
231430
823130
203770
232050
209080
334210
812140
1046930
