4000
12210
1250
33120
9010
96100
205790
730
49520
217490
200710
42160
4920
202970
202990
212910
17080
47410
113420
113900
200210
230410
236390
238960
262410
224260
226320
239220
245550
257730
35450
72850
206420
218620
252490
107410
242050
262060
108600
211820
367540
221100
550
222880
225840
278970
246620
282440
286940
33930
65700
65720
219540
290730
293260
57690
208520
245620
236830
301700
65790
304050
304930
305280
227940
314970
222900
265300
317360
317470
255070
327640
227180
329110
332310
239140
282070
333930
219740
322330
338000
341720
341940
346110
346250
346900
349700
235540
306130
271590
360170
362960
363970
365720
372800
377160
380600
383080
10680
49540
391460
393420
57300
236110
413150
280790
417860
427270
359550
435150
438040
438680
439920
444090
364360
449960
205890
459820
475150
489610
273350
504370
512900
292030
545110
489830
555570
564710
582500
588430
610080
612020
219640
735360
813820
611500
1046930
