280
360
4000
1250
550
24960
92800
105600
202090
219150
208200
219640
223470
203140
227300
11020
99900
102700
104700
208090
218230
236390
271290
206500
224260
245550
343450
253710
44350
224540
218620
206420
213670
273110
225840
282660
301520
304050
304930
313120
227940
314970
316010
317360
214490
330580
730
333930
348020
355840
381210
383080
383150
391460
298630
388060
407530
421020
423880
359550
433950
438100
444090
453480
457330
459820
273350
513560
521340
397060
530330
530620
530700
533300
550650
552990
555570
562220
578080
588430
591960
506540
572520
644560
645260
645630
386180
666220
466240
504370
755790
368230
809960
813820
433850
611500
884660
304390
1046930
