70
220
340
380
3830
4000
4500
400
420
12140
500
19000
17460
17470
6000
20900
550
24960
22380
40800
34270
47780
63710
620
70420
48000
72850
200940
35000
207490
213330
200260
204360
200710
219150
215510
223470
214510
218060
99900
207230
212800
230410
238960
286080
223710
237310
286100
224260
233550
44350
224760
231160
244710
237630
249590
245170
227600
249130
263060
263300
263980
264360
265930
268910
269210
269670
235460
274190
275200
275390
225840
278360
285160
286160
288160
233290
290040
292410
256290
295790
296870
238460
298890
302790
304050
310370
215080
268420
316790
307690
238320
329490
115100
275180
730
323470
333930
333980
335240
335670
319630
344760
346900
350740
275100
355180
351640
356640
356670
297130
359310
1020470
360740
362890
363970
274270
372540
373770
375950
382490
383080
390030
306040
314020
355150
391540
395520
397900
405640
406090
407900
418190
418120
418340
349040
421040
425580
428550
428870
434260
437570
438100
440880
443580
444090
448310
452510
463350
466940
476510
485650
486820
495890
495910
497640
71340
526790
530890
537180
564710
584400
601510
607260
610080
612070
635730
637850
643880
650700
657200
670290
680700
687980
698780
608510
718180
714070
38400
466240
215830
368230
766560
780500
821890
823130
839560
845070
439190
444770
