2500
4000
400
19200
34900
24800
40800
48190
92800
70000
620
104200
96100
201570
203210
20920
113200
7510
218740
1930
220440
72850
224420
239450
91310
216250
70
220
550
730
218620
252170
252330
253900
253980
254060
247120
238910
213670
242050
262150
270090
271590
271640
271860
239160
284950
285480
285840
286360
287100
292380
292630
295930
297020
299460
301480
301750
303390
250400
307070
318430
8190
203160
242640
335430
277950
338050
319630
342580
343360
347560
355150
360380
360640
360650
329050
396800
