2500
4000
4540
4550
475150
11200
12320
20900
17480
29800
11330
228200
33100
33110
33120
34900
33520
41000
18820
8190
41010
43110
39800
39500
39510
72400
38720
34270
92800
71250
91600
70000
104200
91200
92100
105600
33910
33930
65790
46540
96100
107100
25000
41070
201570
2400
2420
105450
204880
22490
35000
203630
207610
211440
204180
42170
91310
113200
20500
55110
667720
211420
209080
214250
218640
49520
217490
214360
209100
219640
211400
23400
218740
1930
223630
223470
222980
226120
224420
57690
99900
109600
113420
200210
207230
208090
213650
227240
230410
234310
236390
258700
272350
223390
234330
242720
250420
224260
226320
246280
253710
224580
225260
224220
227860
232770
210770
216250
65930
72850
35700
35720
233250
239450
244870
12100
12120
12210
12220
40390
10
20
30
50
60
70
80
220
240
280
300
320
380
400
420
500
550
620
730
234390
247310
244590
242570
4570
9450
15620
20570
56400
251530
251870
251910
253900
253980
254020
254060
254080
254100
243450
244050
241540
256070
257120
238910
257890
250400
259320
259360
252150
242700
262060
262150
263060
263080
263740
263980
264140
108600
265930
266290
267920
267980
253880
269310
270370
41700
271570
271640
271860
271900
272010
273110
266330
244850
251570
275470
275490
225840
22100
48700
48720
278460
279640
279720
281370
281920
282140
283290
284930
285010
351030
285090
285500
286120
286360
286690
286810
286830
287100
287120
287140
287390
1250
35420
289090
289620
291010
292370
292380
292630
266840
293180
293320
222900
41050
227780
297020
35450
236830
298520
204360
238460
299260
299460
301190
301480
301750
303390
304050
304930
306040
306410
307070
307170
300300
308060
55230
206420
310370
260230
311860
311870
312990
46260
214730
289400
289480
227940
313740
314020
313830
314450
277950
315060
215080
317250
317360
317470
200110
319830
274940
202090
321150
321400
287450
40970
232890
226560
322330
326120
203140
203160
238010
239160
258180
327410
261640
24240
329380
331470
332070
305620
332480
203830
214340
219910
220740
230820
241910
243200
255280
255320
268540
335240
335430
337950
338120
319630
21690
221040
254700
339470
339800
340070
340300
340310
341310
341500
342200
342380
342580
316390
343860
344300
345220
301640
345920
346110
346630
346900
347510
349500
287290
351150
351290
351490
266130
310890
326950
353550
354860
355150
355840
355920
356500
306130
357290
357780
357900
359810
360150
360380
360650
360940
362890
363970
364270
366760
366890
6000
6060
32500
368990
369040
370040
370090
370100
370510
360480
371420
371670
371330
374320
375230
375460
274560
377680
3700
63380
238090
378100
380020
380360
338060
379960
382120
382140
383080
383520
383580
384630
385270
352220
385400
377260
386360
391260
391720
391420
392820
394540
394680
396160
396790
397500
397700
398680
399790
400240
400250
400370
360170
402390
365450
403740
15700
407230
407300
407680
407980
408330
50620
388410
462780
236110
412170
280790
414580
415080
415860
416080
416170
416350
417480
417860
418070
418180
231430
420970
422100
422250
424830
426000
427780
428430
429470
429700
431710
431990
434010
434250
434420
434650
427980
436300
437900
438100
438680
439250
440730
440760
443940
444090
444220
444560
446150
446640
107410
365590
447850
447970
448000
448460
448640
448780
449200
449220
449340
449440
449680
453980
454690
454890
454930
455970
456660
457590
457820
460960
461140
461640
461910
461940
462030
462960
463180
463220
463350
463930
466730
466840
467010
368750
469730
470140
473520
473740
474960
477290
485310
485410
485580
486120
486360
486640
486820
487220
489140
484950
491170
491650
417910
505210
505460
505730
508300
508670
510660
519190
289070
521590
526790
307780
533330
533820
534290
537360
538100
544810
489520
544330
553210
555570
556990
557580
558610
562270
563560
302590
569970
575490
575550
576130
463150
578080
580910
582290
285190
588430
591560
594160
460930
596630
596650
606330
623940
635730
236150
644560
644570
386180
648430
218620
656090
665180
667890
680320
686190
696480
635320
368420
711990
720280
726990
739980
504370
368230
766570
810670
823130
203770
232050
286570
439190
878750
880510
334210
914690
927890
304390
963690
638070
984750
1003520
1004240
1014440
1045050
