300
4000
29800
34900
70110
104200
92100
105600
107310
96100
204180
730
230410
236390
248570
237570
242760
248530
252490
252950
253980
261030
263980
275470
278970
282660
285900
291010
294230
295110
433850
295690
299460
299720
301520
303390
304430
306040
313120
227940
314020
314450
200110
318430
330350
330840
331470
335300
337320
340070
340300
342610
344040
344910
346110
347430
347560
341500
339280
351490
355150
326180
326190
271590
360380
360640
360650
361420
366890
367450
238370
370510
375510
274560
312530
236870
381210
383330
383790
291550
391070
391260
391420
397500
397900
407230
282440
413850
458320
225540
416080
417860
420290
239140
429470
431240
434420
437920
244930
230270
374320
448460
275850
461640
473690
477160
485610
479130
273350
518030
403640
536220
559650
447040
578080
578310
579950
582500
646570
218620
674940
738520
504370
845070
382560
1046930
