4000
500
550
8190
43110
22230
24240
6100
104900
204100
730
204360
49520
217490
6370
47410
51100
109600
113400
200210
208090
230410
236390
238960
240320
223710
248570
262410
265630
224260
226320
253710
263540
233250
218620
206420
252950
219990
250400
260430
273110
225840
282440
302830
304050
304930
227940
222900
317360
355840
365720
322330
382490
383150
384180
386360
397900
407530
413850
413852
413856
413857
458260
458270
458300
359550
434170
438100
444090
473710
558610
438740
582500
219640
641990
466240
504370
231430
55100
813820
433850
611500
222880
1046930
761890
