10
100
240
34270
50300
55150
204880
108200
206610
224900
388410
462780
44350
234650
249990
253940
261180
252150
263060
263860
226840
268870
271570
57300
278360
286120
286570
289440
290000
292370
292910
293180
294020
294230
303390
307070
308000
265590
318600
730
277950
2400
342970
343360
344300
346950
360970
378100
381140
382120
382490
391720
400370
365450
406090
406970
414070
422100
447850
449680
448070
455710
462030
463710
468330
476480
269710
486840
487270
489220
490220
491950
494290
498660
503820
508900
292030
444560
534110
537421
535760
537340
542340
547960
550650
552990
554530
566060
566270
489520
576560
576880
578080
208140
586380
587830
588110
351940
605500
607270
498320
622170
677980
724740
725340
726800
733070
756190
231430
368230
768510
770350
55100
785140
794600
799070
228200
99300
34010
209670
492630
236870
513780
203770
232050
270550
863550
439190
209080
334210
63500
222880
696370
304390
96000
402390
510840
967250
638070
395170
308600
285800
343710
370910
780800
