4000
2550
220
380
420
19900
24740
24800
23490
8190
33910
33930
17410
8930
12210
12220
40800
92800
70000
92000
105600
70120
50130
201570
2400
2420
104900
108800
205910
49520
80
240
730
204360
220860
219150
211400
218740
223470
220240
202970
202990
212910
221640
224420
208090
230410
238070
243870
209870
223710
242720
253710
221040
204080
232770
8870
113020
234190
219740
322330
234710
233270
209160
209170
206190
72850
35700
35720
239450
244850
216250
218620
243450
233130
250400
264140
550
271590
203160
239160
297020
236830
299460
304050
304270
304930
63380
312990
206420
261640
265930
57300
1046930
