240
4000
6200
130
220
280
17390
6830
6020
10180
10190
8190
50130
33910
33930
219540
8930
56400
105600
24240
113200
110800
39500
39510
202200
205790
67370
204340
22490
55150
211420
209080
730
208580
4920
217490
219150
200510
219640
203140
223470
201790
16700
47400
45740
13140
51100
109600
218230
230410
236390
258700
223710
202090
224260
246280
253710
224580
65930
72850
242860
41070
1200
1250
1280
35450
35480
236830
244850
12100
12120
12210
12220
239250
10
80
100
550
620
220240
228200
231430
218620
235600
239820
238320
252490
217980
107410
239160
242050
24010
261030
238430
209160
209170
108600
265210
42910
211820
267600
221100
270370
235460
244450
239200
273110
222880
48700
278970
282440
286160
251060
238460
301520
304930
206420
227940
274170
4700
34030
34330
214950
273350
331470
332650
292030
250900
341190
341940
342200
271590
351570
355840
363970
316430
365720
369580
372000
383080
386360
386880
391720
393530
393380
417860
359550
623990
438100
444090
445230
302670
48000
492130
505460
530620
534500
555570
578080
375230
506540
679990
681590
698780
700030
700330
38400
466240
236870
34270
433850
823130
611500
365450
961440
761890
