10
220
4000
2270
400
12200
12210
29800
550
38700
28000
22490
40800
620
104200
92100
105600
96100
48000
38740
113200
55230
20920
206440
214340
201790
730
209080
217980
202970
202990
212910
219150
215510
220740
203140
227300
51100
113420
200210
206210
208090
236390
223710
271290
206500
241640
253710
224580
230050
210770
241600
244850
224540
201420
216250
218620
252950
253430
247120
213670
241910
8850
49520
217490
221910
265930
268910
269670
271590
272060
273110
274190
222880
225840
278970
282440
283660
289090
233290
298630
238460
301520
65790
302830
243470
304050
304930
238090
306040
300300
312530
314160
315430
222900
317250
319510
8190
238010
239140
307690
238320
327890
331470
282070
319630
344040
355000
356670
359050
360380
363970
368650
369000
369400
219740
370100
370510
322330
380600
380840
382160
384110
385770
393420
393530
409690
225540
414730
416080
417860
427730
434380
444090
449680
467380
359550
337000
521340
292030
531960
554620
8500
402560
562010
578080
588430
304390
678550
660880
666220
674940
466240
379430
703940
433850
845070
1046930
