15370
33910
33930
55150
205790
22490
41800
63710
207420
203140
205930
224300
207230
230410
223710
248570
224580
203160
10
220
300
400
550
620
730
217980
107410
271590
279800
281690
286940
301690
291480
227940
200110
258160
238010
224920
322970
343630
355840
361190
363970
322330
385270
386360
391460
412130
414290
225540
94520
207610
234710
250320
431560
431960
391220
438100
444090
444200
491170
479130
417910
524340
526460
534500
534820
550650
558620
252950
565860
595460
619910
218620
22350
504370
252490
813820
433850
203770
611500
884660
