3320
4000
23310
24740
27000
29800
1250
35700
34900
40400
41000
34030
42960
38600
70100
70110
8980
40800
48190
92800
70000
104200
91200
92100
105600
20920
91700
11280
46500
55150
96100
107100
17710
73210
24240
3830
65800
41070
201570
2400
203770
204880
111100
108710
115110
209330
209520
207610
200710
104900
200260
202750
204180
8850
409710
409720
214340
113200
35140
209080
730
215510
200510
204300
214360
219910
204360
203140
214590
220820
223220
211400
4920
1930
225140
212110
223730
223470
204100
25890
224420
34330
212700
201790
113020
220700
226700
227220
50650
388410
462780
228260
212480
57690
109600
207230
208090
230410
238960
240320
256410
225260
224220
203160
222660
21690
225420
234490
232770
233510
233530
210770
235250
234650
234940
234290
65930
228300
222730
238890
231740
72850
35720
233250
243120
243280
231430
239450
245150
225160
241320
91310
216250
218820
207140
368730
246420
234390
243780
244730
248310
241720
218620
249650
242530
226960
250030
226720
96300
237890
251310
251530
251690
251830
251850
251870
251990
252170
252270
252410
252670
253650
245170
253900
253980
254060
249990
214950
205100
247240
255870
238910
233130
257890
258050
258090
258200
247000
45500
49520
258910
258950
42910
221040
259390
259600
259680
254440
234670
209000
261110
261180
219830
252150
242700
261760
262150
262280
262690
262920
263300
263560
263980
264140
264300
264360
265670
266010
266050
267360
267980
268220
268240
268870
269250
269490
270090
270190
270810
8930
550
271640
271820
96200
271860
273770
222880
274560
274980
275390
275470
275490
277680
22100
278460
278530
250180
279260
279800
280460
235210
254700
281940
282800
282900
283000
283020
283040
283180
283290
283390
283680
281860
284200
284950
351030
285050
285090
285130
285480
285840
286120
286160
286360
227560
258180
287720
8870
233290
290280
290710
290770
290990
291710
270550
219740
322330
292380
292410
292480
292620
293180
431290
293560
293860
293920
294860
295690
295930
296050
296070
245620
222900
291030
296510
297020
297290
297490
298600
238460
299260
299460
299720
300540
292120
292140
286690
287390
301480
301680
301750
302010
302270
302610
302650
302950
303390
301190
301200
303690
95400
304170
304460
241240
305480
306040
250400
224600
246840
276890
307050
307070
307230
307340
285440
220240
233270
308460
308520
227700
55230
206420
310360
311250
311680
311700
311860
313020
313120
313400
305490
313740
314020
314200
314210
314450
265590
275510
315080
315430
315810
316600
313340
317710
200110
226320
233720
45760
258160
272510
318430
318570
318600
319270
8190
238010
317290
317300
239160
241930
321150
321260
321920
241540
220440
222480
242640
324170
238590
324420
221540
307690
238320
324750
325320
325470
305050
326180
326190
326730
312610
326950
327410
327650
328270
328500
329000
329490
329830
211420
330350
330450
330470
330680
15700
331400
331440
331790
332480
333120
214610
333220
282070
333930
334070
236110
335100
335430
335790
336200
223630
274620
336380
277950
337420
337630
337940
338050
339290
339470
333760
340650
341310
341500
340750
342360
342510
340220
343340
343360
343930
12120
271590
344910
345220
301910
346810
347430
347560
348020
348530
342090
287290
350630
342240
351470
202090
238370
355150
355520
357290
359390
360380
360650
222420
222440
222940
361850
362660
364270
364690
366890
367000
368990
370040
370100
370510
351710
372000
375510
385070
385830
386360
340170
391260
391720
391420
395170
396790
397500
399430
399790
360170
365450
403900
340300
340310
371420
407530
412170
396160
407230
349040
208650
423710
424830
427270
428430
239140
431960
434420
437920
438020
34270
444560
448630
448640
454890
457820
461640
463210
467000
473470
491950
273350
311730
219640
236150
666140
323580
368420
368230
228200
209670
513780
334210
356190
884660
304390
302510
96000
1046930
