240
4000
4560
228200
12120
20900
22300
8140
12210
24740
33910
1250
41700
24960
41000
41010
8930
47870
50300
70000
620
105600
21100
96100
42680
42690
24240
3830
55230
41070
204340
20920
212630
10
80
730
202970
202990
212910
219150
219640
223470
227300
218230
230410
236390
272350
224260
253710
263540
224580
203160
232770
72850
242760
91310
216250
237110
218620
235600
206420
252490
107410
241540
221100
211820
270880
550
271590
274190
222880
20510
238460
286690
287390
301520
301750
351030
303390
304050
304930
238090
63380
49520
217490
227940
269210
317470
200110
8190
321040
238320
231430
331470
333600
333930
244770
316390
355150
351640
255710
355840
357900
363970
370510
371670
322330
312530
385800
386070
291550
391420
393420
401680
359550
431960
433850
438100
34270
365590
488280
273350
526790
530620
489520
546390
489830
554530
302590
565340
463150
578080
602890
628340
630100
236150
657200
698780
22350
504370
804320
611500
1046930
