300
4000
6880
228200
8080
13210
15120
70
130
220
280
360
380
19900
17300
20900
17410
24740
20500
667720
40400
500
550
8190
33910
33930
28000
70300
12210
12220
2450
31280
72400
40800
38720
47870
50300
42910
70000
620
104200
92100
105600
57900
55150
96100
24240
3830
110800
23490
57600
55230
41900
67370
102840
201700
20920
203630
207610
104900
204180
204100
210950
409710
409720
108710
113200
209080
10
80
240
730
204360
220860
219150
205790
219640
218680
1250
35420
223470
43110
102600
201790
225260
109600
113400
208090
230410
223710
248570
265630
224260
239220
253710
224580
224220
233740
232770
234710
43160
210770
113020
225600
234650
65930
228300
224060
242760
242800
91310
216250
220240
237110
207140
368730
239030
218620
96300
252490
252950
253900
242860
233130
255520
258050
242050
94400
221910
238430
261110
262280
263980
209000
266430
39530
214870
268870
4500
41700
270850
271590
273110
224480
222880
274900
278360
281920
282440
284930
285070
286570
286940
288470
233290
291010
293180
295110
433850
295790
222900
297020
351030
238460
299460
299740
300380
286690
287390
301750
302830
304930
238090
250400
306410
63380
307070
49520
217490
260230
312840
227940
314020
313830
265590
265300
317250
200110
318600
6850
6900
203140
321040
274170
322920
226560
302510
307690
238320
326120
331470
274940
305620
282070
215470
333930
336670
2400
2420
2430
319630
341980
316390
344300
346010
346110
346630
347430
348020
348670
349700
339280
351150
35450
353550
326180
326190
255710
356570
357290
359050
360150
360170
232090
360380
336420
360940
362890
363620
363970
268050
218640
296830
357070
366760
366890
265930
238370
368360
368990
369580
3810
3820
369990
219740
370100
370510
371570
371670
322330
341940
379290
380020
382140
343100
384150
385770
386360
386880
387860
387930
390970
391270
391460
253030
391420
225540
399790
401190
234140
402330
365450
15700
298630
388060
407230
247730
410110
50620
388410
462780
411560
414700
416170
307670
418460
420970
270880
359550
623990
239140
429700
434570
435400
244930
437220
440760
443810
444090
448780
461140
461950
464060
381210
466500
474960
475150
475550
477160
50130
485310
485580
485950
489220
489570
491950
492270
417910
273350
507010
508670
361300
360430
520530
292030
526740
534500
489520
550650
252850
302590
566990
438740
463150
578080
581270
588430
351940
595120
447820
613730
635200
236150
394230
305050
601430
657200
677160
323580
611500
22350
368420
493900
308040
414740
466240
40990
504370
241930
231430
761330
236870
766920
34270
203770
232050
270550
439190
490220
391720
304390
96000
952440
402390
510840
967250
638070
395170
1046930
