240
4000
220
12360
500
22370
41010
8980
620
91200
105600
55150
49520
217490
204360
1930
208090
230410
236390
238960
224260
343450
210770
225360
72850
41070
239820
219640
255520
261110
108600
267980
268870
269210
239090
271570
271590
274190
274230
222880
283290
284930
284990
324060
285130
291550
292910
238460
301750
351030
304050
304930
250400
311100
318600
238010
322170
239140
324800
261640
218620
282070
333930
335430
319630
346110
346900
348020
235540
363970
368360
371210
219740
322330
312530
383150
386360
386490
386940
388120
389300
391720
225540
410290
413150
280790
419590
422250
432020
435150
438040
444090
275850
461030
461720
485860
48000
273350
508900
513840
337000
292030
531490
537860
489830
560080
562240
208140
588430
593600
306130
617670
630100
657200
674940
22350
554620
15700
466240
231430
368230
265590
203770
232050
286570
270550
490220
611500
878750
365450
304390
730
939960
761890
684680
1046930
