300
70
4000
220
340
380
400
420
8080
1250
20500
550
10680
34030
24960
8190
45740
22600
8980
7520
72400
21100
620
70000
92100
105600
55110
107300
107310
96100
24240
205790
204340
104900
200010
91310
209080
217060
204360
91600
219640
223470
4500
221640
109600
206210
208090
218230
230410
236390
286080
214420
223710
248570
265630
202090
43160
219740
322330
233230
70600
35720
218620
241240
206420
252490
252950
253980
254040
231330
49520
217490
221910
242700
263060
263320
263740
263980
265210
265930
270150
270550
210770
271590
273110
224480
222880
274560
225840
281370
282440
233290
291010
286160
20510
238460
299720
203730
301520
302610
303390
304930
306040
280740
314020
314280
314450
317250
317360
317400
296470
318430
250400
21690
221040
239140
238320
326180
328060
10
80
100
240
730
333740
334040
337950
257510
339610
341310
341500
341980
344040
344910
307780
301910
349500
349700
287290
351290
354140
355150
355840
359050
359100
360380
363610
363790
366890
370100
370510
371670
377290
380020
386360
386940
291550
391420
396160
399790
405610
407230
408650
280790
225540
414070
359550
429700
431960
438100
439250
440760
444090
365590
449680
461140
485440
499520
505040
530620
531960
555570
436520
574980
605500
506540
666220
670290
233130
700330
730590
368230
684410
813820
433850
