4000
10500
550
34030
24960
8930
620
105600
33930
35450
236830
55230
34330
730
227300
13140
51100
99900
230410
236390
240320
262410
242760
242860
218620
206420
250340
251530
214950
91330
271590
244450
273110
222880
293540
286690
287390
301520
302830
304050
304930
238090
302380
227940
317250
331470
335240
316390
301640
354540
355180
255710
365670
380600
386360
386880
390670
394360
365450
393380
774941
431960
438100
444560
107410
365590
448260
451340
302670
312450
521800
531490
447040
438740
588430
589290
602890
602960
418460
657200
700330
629520
466240
464920
359550
433850
858060
884660
304390
1003360
686810
226840
