2910
2920
4000
12900
17430
17410
17390
10680
24960
33910
33930
219540
50130
47870
9930
47920
105600
44320
321040
24670
110800
2990
105450
207610
48800
212010
219640
211400
223470
204100
12100
12110
12120
12210
12220
240
400
500
550
620
730
72850
57690
236390
39000
223750
253710
224580
232010
1520
233450
44350
220200
244850
91310
107410
220240
248550
218620
235600
250340
223670
222900
252050
252490
255220
227300
241540
256330
220260
24010
258760
242050
261030
221100
222880
251570
275850
246620
286570
289460
292180
228180
299740
300060
286690
302060
302080
263280
243470
63380
308580
310560
313120
227940
314160
226580
317250
317730
203160
205930
233250
304730
289950
214490
324310
238320
313160
332310
305620
282070
319630
271590
351290
329430
353640
255710
359320
315660
380600
236870
252950
320300
365450
314520
421020
274940
270880
210970
359550
429570
424280
383870
34270
444560
446800
451340
477160
493490
494840
495560
503560
503940
505210
508390
513710
515180
234630
528660
530070
536220
447020
489830
567280
578080
581320
583760
586970
588430
598330
598960
602320
607380
652980
670290
673610
675010
703950
460920
787860
795630
687850
464920
866800
737800
920490
