10
70
220
240
4000
20510
17410
1250
550
24960
8190
104200
92100
24240
41070
20920
49520
12110
38830
102700
113400
208090
230410
214420
223710
262410
265630
224220
3910
35450
239030
263980
265930
274560
299460
302830
304050
304930
238090
227940
238320
730
218620
252490
340070
341310
341500
351490
359800
357070
374320
385400
389300
306040
314020
355150
234140
299360
411180
411182
411188
225540
416080
429470
431960
438100
383870
444090
365590
448440
449220
375600
477180
485310
489220
526740
555570
569480
588710
605530
607200
386180
657200
666220
17500
629520
734580
466240
504370
791930
809960
359550
823130
714010
266310
