300
50
70
130
3920
4700
4000
4760
220
400
12200
10090
10500
17390
29800
33210
1250
6060
10180
10190
17450
48700
34030
33230
43110
8190
35140
32470
21130
33910
8930
42960
12210
7520
40800
42910
12120
48190
34330
70000
620
48720
91200
105600
20920
7760
46500
46510
50130
55150
35450
57690
113200
3830
201870
72850
55230
12100
2990
12360
105450
203770
64000
110800
207610
108710
201790
17300
17330
214340
209080
730
200510
200260
218640
212680
49520
200710
219150
205100
203350
219640
218680
223470
17460
25890
214510
12110
224420
71230
226700
227300
47410
218230
236390
250600
224260
225260
203160
232010
225420
233450
232770
8870
44350
219740
322330
234650
220200
65930
35720
242760
242920
233250
243200
231430
244710
244850
91310
216250
225080
244070
239030
218620
236850
239820
206420
250320
250620
251060
251570
252490
252950
253330
25800
214950
107410
242050
233130
255520
257830
212480
221910
244090
252330
261030
261110
252150
242700
262280
40970
263060
264710
265930
211820
226840
221100
268870
269210
269790
4500
41700
270850
550
244450
57300
274190
222880
225840
239160
22100
278460
281990
246620
282400
285160
286000
286160
286570
286690
287390
292910
201810
295110
433850
295790
245620
299260
203140
301520
302670
304050
304930
305390
238090
306660
63380
313160
227940
265300
313340
233720
321040
250400
322500
258520
400430
221380
287450
322920
232890
302510
214490
241930
307690
238320
326180
327220
261640
24240
246090
289650
330830
330840
10
240
298110
305620
333420
282070
333950
334230
335300
319630
344760
346010
346110
325610
346900
347590
298630
329430
352890
311560
355520
255710
306130
232090
360940
361380
361990
363620
363930
364270
367450
367520
238370
368360
368370
370100
269670
292030
373930
374320
376210
376870
378100
381210
383120
384190
383870
385560
291550
387990
389430
234140
391540
391720
394310
394360
320300
397900
310470
365450
405640
15700
407250
410210
410430
413150
413710
413850
413856
497812
225540
418460
418950
420290
427520
359550
239140
431960
440436
290790
264240
34270
444090
447820
457140
462930
207140
314160
377160
474750
388320
475550
48000
491950
368230
496300
496460
496890
273350
505460
508900
518790
360430
292730
535230
228200
550900
493340
552990
438740
575490
578080
589290
351940
603850
613100
489520
619910
629760
236150
305050
657200
665360
674940
323580
251950
368420
113020
504370
236870
379430
290080
209670
804320
823130
552500
836620
770240
334210
304390
437220
96000
510840
638070
395170
278360
343710
271240
1046930
