4000
2400
2420
4580
2780
12210
25830
21760
550
8190
33910
33930
8930
105600
91700
35450
236830
105450
20920
204100
730
204360
10500
34330
219150
200510
219640
223470
47410
51100
236390
265630
224260
253710
224580
233450
233720
216250
72850
242760
242920
233250
244850
224540
107410
220240
237110
214950
218620
235600
206420
236850
251570
252490
252950
255710
247910
91330
211820
367540
221100
271590
244450
222880
48700
281990
282400
243470
295110
433850
222900
238460
301520
304930
63380
313480
227940
250400
221380
287450
325610
331470
274940
282070
337320
306130
248610
364470
322330
374040
377160
312530
379430
236870
394360
359550
239140
431960
438100
443810
475150
447040
273350
508900
512900
444200
489830
438740
578080
588430
657200
698780
38400
466240
368230
776960
813820
203770
845070
611500
961440
