10
4000
1250
550
8190
8980
729040
31280
104200
105600
96100
201700
47400
212680
49520
220240
11020
13140
17080
99900
102700
104700
109600
113400
200210
201210
212070
212800
213650
218230
227240
230410
236390
238070
238960
39000
107400
214420
248570
250420
262410
265630
286100
206500
224260
210770
3910
234650
35450
248820
239350
206420
208610
245170
254080
234670
233130
255520
257710
257850
261180
219830
262280
263060
266430
211820
367540
268870
222880
282440
286160
286940
291210
291410
293540
294040
294160
298160
298240
299030
299700
301520
302830
304050
304930
302380
291480
215080
227940
314160
269210
247080
315430
274900
317360
317410
317470
319140
321400
41300
322110
322170
221380
326460
327640
730
332070
335240
335330
338000
250900
339610
341720
342980
346120
346900
346950
342480
349210
352700
353130
356670
364420
365670
298180
368950
322330
372490
372800
374570
380840
382490
383080
386360
291550
397100
397900
400040
365450
404410
404790
407060
363890
407530
409670
236110
412140
280790
225540
226980
431730
431960
434520
434570
437900
438100
244930
420790
444090
444640
444930
445130
449140
454540
461560
465520
472060
214850
486820
48000
496920
402570
509840
510050
510190
104900
520860
324810
529720
533620
537180
542350
546390
529840
550650
552990
8500
560380
402560
562590
563560
567290
578310
582500
586350
596650
370770
601510
607260
9480
559460
627690
630100
642390
236150
643270
204300
386180
647960
305050
650700
218620
652980
653220
655160
673900
686870
698780
700330
700480
711810
113020
725980
38400
466240
738060
744800
504370
755790
368230
209670
801120
813820
823130
203770
871720
209080
304390
43110
325180
44350
