220
340
4000
20900
32370
620
105600
39160
20920
98400
208580
209670
99900
109600
212070
212500
230410
238960
224260
227100
228300
234650
22490
72850
91310
216250
215530
211820
225840
285160
302830
304930
224600
8980
49520
217490
227940
269210
317250
17580
239140
80
730
333930
335300
337950
252490
340650
355150
355180
355840
235540
306130
363970
365720
367520
219740
322330
230230
373420
376570
389300
398710
280790
366960
374320
444090
466560
292030
208140
588430
374040
392110
435150
334210
491950
402390
343710
