240
4000
6880
12210
550
22370
8190
35140
40800
105600
49600
110800
205790
48000
210350
113200
730
209080
200260
219640
218680
212480
51100
208090
230410
236390
238960
272350
214420
248570
262410
271290
226980
239220
253710
72850
241600
12100
12110
12120
12220
91310
216250
218620
235600
250180
252490
253130
213670
260190
211820
267960
269210
48700
278970
282440
249380
293540
295690
296470
238460
299460
301520
304050
304930
224600
49520
217490
227700
310380
282010
227940
206420
317360
200110
6900
203140
321030
241930
238320
331470
333930
331650
239140
346010
342480
348020
355180
255710
355840
306130
363970
365720
265930
238370
292030
3700
63380
204100
271590
380770
383080
252950
385770
391540
394310
225540
299360
236110
272890
438100
244930
319630
510050
489830
578080
386180
466240
813820
433850
611500
884660
304390
761890
