4000
33100
6060
22490
31280
40800
107100
3830
20920
205730
207610
214340
108710
113200
209080
218640
212680
217980
211400
4920
219890
72850
102700
212070
230410
236390
286080
265630
202090
224260
217200
44350
210770
113020
224760
234710
234650
220200
65930
230820
10
20
30
40
60
70
80
220
240
300
340
400
550
620
730
239030
218620
239820
250380
252950
242550
255320
233130
49520
217490
259780
221910
261110
265930
211820
226840
221100
270370
274190
222880
244850
225840
278360
278460
282440
285070
286160
286690
287390
287700
233290
292910
293260
41050
227780
237930
302010
303210
303390
304050
8980
311690
312990
227940
265590
206420
247080
277950
315430
317360
317400
318600
6860
6900
203140
321040
321480
258520
400430
323850
238320
324800
261640
329380
330830
305620
257510
341980
343360
355840
7670
8850
8870
409710
409720
356570
359320
362890
363490
365300
365720
365670
367520
238370
369580
369990
219740
322330
375460
376570
312530
291550
388080
389300
391720
394510
400040
404790
409160
280790
421050
210970
431560
431960
438100
444090
444490
457140
460950
462770
377160
487220
489830
273350
504230
530700
535520
548430
8500
558990
252850
447040
582500
584210
609320
611980
306130
219640
619150
621060
629760
638800
643270
386180
674940
323580
679990
700330
22350
368420
435150
15700
629520
38400
466240
755790
231430
236870
368230
611500
375820
792100
34270
228200
209670
804320
382560
823130
203770
544920
869760
334210
728880
365450
304390
491950
402390
510840
638070
826600
308600
343710
1046930
370910
