220
3830
4000
409710
12900
18300
500
17470
29800
1250
7510
3590
22340
3700
34900
21690
40700
550
41000
11280
11190
205650
10680
41010
21090
28000
45740
8930
38600
462780
8980
72400
40800
35130
47890
42910
91900
70000
620
96000
104200
105600
46510
91700
21100
19680
96100
48000
57690
65800
115100
80310
32800
55230
41070
203210
67370
108710
102600
20920
209230
207610
200710
104900
202750
94300
204180
205910
50300
91310
206440
214340
113200
201790
730
215160
209080
204300
217690
215790
204360
222160
34030
217980
200510
214590
219910
220820
211400
214870
223470
220740
223730
202970
202990
212910
203140
204100
209190
224900
220090
227300
203830
72850
208090
230410
223710
242720
250600
204240
227100
221040
210550
220440
203160
226740
232770
225140
8870
216250
222750
228300
234160
210770
35450
236090
230820
231160
65930
224420
35700
35720
242820
243200
239800
241410
239450
244690
244710
40390
300
400
220240
246960
237630
248730
232430
218620
249590
238320
250030
250050
250380
250620
251150
251570
251730
251870
252270
252330
252410
252570
252670
252950
253030
253110
253650
253920
253980
254060
254100
242780
224460
255300
241540
249870
233130
257750
257830
257990
251170
247910
49520
217490
238010
259510
259740
259780
260250
238430
261030
207750
209000
261110
261570
242700
261700
262280
263740
263980
264710
264730
44350
265380
265930
266010
262940
218640
268540
268910
269270
269790
270450
270550
236510
251850
244450
273500
224480
222880
274520
277430
278360
278530
279800
281370
281920
246620
282140
282800
283290
254700
284390
43160
284710
284730
284750
284770
284790
284810
284830
284850
284870
284890
286040
236430
288060
288160
49600
288470
289090
243930
289620
233290
274190
290280
291010
291170
291270
292910
271570
293180
293660
293680
293900
294230
201810
294860
295790
222900
296240
95400
296830
297020
351030
236830
238460
298820
237930
299460
299950
300550
248650
301150
286690
287390
301540
239120
303390
243280
304430
304530
305380
241240
238090
306350
306410
63380
307050
307110
307230
300300
310080
206420
310560
240760
311190
311250
260230
312840
313650
313780
314020
313020
313830
314790
314810
315430
298520
274900
318430
318600
319320
319550
319910
7000
266940
286500
302120
320610
320630
320690
321870
322170
322190
322500
258520
400430
222480
241260
242640
45770
323720
214490
272470
241930
324800
326180
326190
327220
327410
327560
327860
328270
24240
330990
268050
331470
274940
289690
332400
305620
282070
215470
335000
335670
337270
257510
250900
319630
304650
339800
340070
340300
340310
342580
342620
343710
343860
344410
301640
345430
239140
346140
343360
347430
347510
347610
348020
348670
336420
348870
349500
350010
287290
341500
350640
351150
353070
275100
350810
355280
355920
355970
409720
235540
306130
357600
261640
358080
358090
359810
359940
232090
360640
360650
361550
361850
362410
362680
362890
363330
364230
364390
364640
365850
366870
367520
368430
369420
370550
370920
371180
238370
322330
269670
226860
372330
292030
372930
373630
374030
374320
375010
341940
274560
377160
377450
378270
378610
381210
382140
383150
384110
384190
383870
367580
385150
369580
242840
290340
388120
388880
389310
304240
301860
390200
390290
390520
390970
391170
391340
391720
394280
394700
394760
395160
395860
396790
396800
396850
396860
399130
399890
400630
401190
401680
234140
392940
403510
403570
404660
405780
406150
406210
406870
406970
409100
409380
409440
409600
388410
410430
411300
411560
238210
410710
412770
413150
341310
396160
399790
407230
413680
414660
414700
415420
415610
307670
417920
418460
418300
418950
421050
421120
421740
423880
272600
425670
339340
427270
427550
210970
428510
428900
429600
429610
429660
430020
430960
431260
405640
433340
433910
391220
434570
434620
435400
434210
437420
437570
437890
439550
440420
443370
443810
444090
444220
444280
444590
444260
365590
447890
448000
448320
448400
448440
448470
448660
448690
448780
449220
450190
438480
539720
562360
636150
452450
453390
454180
455710
456430
457440
457480
407300
458470
458480
460790
461010
461840
462770
462960
463030
463060
465170
465720
466490
466500
466780
466800
466870
467490
468490
379720
469890
474960
475150
476020
223100
476920
477160
477870
477910
480490
482120
482300
485350
485440
485690
485730
489220
490940
491000
491330
492270
493200
494230
495110
495890
497350
497400
497580
498660
499440
500870
501030
501300
502740
503300
503820
504000
504880
505210
508900
508980
509220
509390
510650
511140
511470
512020
513290
513330
513510
514090
514900
515470
517360
517710
518320
518800
312660
520720
521280
521340
522570
523160
523670
526740
527420
527480
527540
483420
528070
528660
529950
530390
307780
533300
533330
533640
533950
535400
536490
536780
418370
539700
540610
542260
362960
544870
545250
544330
545410
545580
545690
546200
546340
546380
547310
547390
337340
553790
554530
554620
554800
555150
555620
556280
556870
558340
558780
558790
559960
252850
562210
562220
562660
562670
501590
566060
566160
567030
567060
567130
567170
567280
567290
567600
567800
438740
569610
489520
37000
422870
574030
574260
574270
575550
575640
576880
577460
577740
580990
581470
581640
581760
581970
208140
582270
583760
585220
585840
585950
586060
587830
588970
589770
591420
593280
594320
594650
599560
600090
601650
558490
602830
603260
603890
604490
605520
606960
607890
608660
610120
610360
611980
613470
614910
615350
615610
503350
617420
617610
617670
618510
621080
234270
629840
630060
630830
633360
635200
635730
637060
644480
644560
644570
645090
305050
601430
656600
657040
658560
662190
663210
674750
677020
678970
679530
323580
683320
414340
689180
690740
693250
693880
693890
699590
699780
705090
710030
710120
368420
718370
15700
308040
720280
725340
728440
730220
731490
733050
739980
745740
749340
755890
231430
760560
763090
368230
764560
776370
776960
780750
781760
790540
790860
799070
415840
209670
265590
816490
513780
552500
839670
203770
863550
866510
878750
334210
356190
885640
883710
304390
491950
402390
510840
638070
395170
449960
285800
