10
80
100
240
4000
400
12210
35000
550
32430
12220
32500
47890
620
105600
220740
227300
230410
236390
39000
218620
252490
252950
107410
233130
255520
265930
271590
225840
298240
301520
304050
304930
227940
206420
315430
321040
322170
232890
241930
261640
730
332800
333930
250900
230290
339610
301910
346010
346900
355840
363970
368360
374320
381210
386360
291550
389730
399660
57300
417860
359550
623990
429790
424280
444090
444560
365590
513710
550650
578080
208140
460930
356190
506540
791750
813820
433850
874240
582010
304390
1046930
