20900
9480
17480
11450
12710
12810
37010
47870
48210
99400
105600
105400
97000
107100
8930
28050
47400
42680
42690
24240
110800
72850
32800
57740
204030
22490
20920
48700
48720
209120
55150
7670
211420
42910
730
214830
205650
217980
204360
202970
212910
200710
216910
48220
200510
211160
201790
203140
205930
202200
17460
214510
34330
4540
4550
15620
43110
50620
55100
55110
55230
56400
462780
57690
99900
109600
230410
238960
202090
225260
204080
207930
48240
236090
241600
35700
35720
1250
208140
4570
4580
9310
9450
12210
12220
91310
216250
40390
225080
234080
47790
242550
58520
204560
208730
209730
219780
234670
227020
221040
203830
249650
105450
221380
264200
269370
550
213670
282440
222900
289130
215080
316010
331470
277950
363970
364470
365720
32430
208580
372000
372800
386360
3170
25900
63910
203350
289520
427270
428190
438040
205890
495910
513560
521200
397060
531640
489830
552500
610080
218620
504370
869760
874240
1046930
