2100
4000
9450
15620
12810
12210
105600
113200
9420
67370
108500
204880
211420
200510
200260
204360
230410
238960
202090
233860
219740
322330
220200
72850
730
246420
248820
219990
262060
264710
211820
269770
271590
275850
286690
287390
201810
237930
4570
260230
311690
206420
323190
242640
221040
241930
335300
250900
344760
346110
266510
354140
232090
367500
373420
386070
394510
225540
431960
438680
374320
445980
365590
456670
292030
527430
548430
489830
552500
588650
646570
700330
435150
504370
753420
368230
774861
813820
570940
879160
582010
231430
632360
