10
80
100
30
70
360
1200
3970
4000
6860
4230
2270
9010
2280
2290
9050
2310
4500
7940
12100
12140
12160
10460
13230
13210
13520
13560
15100
13540
15120
7970
12750
13640
13510
19900
17300
17330
17340
500
19000
17430
9480
22120
16450
21780
24740
16720
10150
3700
15390
10130
39800
21690
20500
24860
24840
10180
10190
550
31170
12690
8850
34190
24960
43110
42120
8190
27920
33220
46420
46430
21090
50130
33910
33930
27330
17410
45740
32360
42700
42710
8980
12210
12220
47870
47780
7860
46250
48190
55100
91900
12900
97100
22350
22650
57900
44320
55110
21100
39530
46540
33440
95900
47790
47830
27940
35450
2210
33420
28050
91310
43190
42680
42690
24240
34830
55230
9200
12200
12130
1250
35420
12830
240
220
340
320
380
300
10220
41070
67370
22600
108710
12120
208090
110800
201870
96800
202310
12150
207610
209100
201070
50300
63380
202970
202990
212910
202750
205930
6980
115320
204100
11420
17710
212630
98400
35140
730
215280
10090
214910
214250
200260
214870
205270
211670
205100
200170
96300
220820
223470
4720
202170
4920
208480
220240
203140
45770
12110
224420
225140
225160
226700
220700
49540
8870
204080
236390
272350
214420
224580
232090
34870
228760
232910
232770
203160
227480
216250
43160
234190
204450
235700
233270
65930
238170
238210
225360
222480
6510
218620
236370
242760
242800
242860
243320
244830
217140
237110
206420
237590
107410
248170
235600
209000
238320
236510
222880
222900
252490
252950
253370
253430
254130
243450
255220
241540
209160
209170
256370
242050
257610
257650
247910
212480
238430
221100
269530
269570
270550
247730
239160
280740
258180
251810
227780
296770
301970
304930
311340
313120
316390
316460
317400
318220
319150
321260
266620
233610
239140
325180
298110
225540
340130
342620
271590
345710
348200
266310
349700
350740
352950
355760
365450
240460
369080
370100
371660
373990
355190
378280
380600
380840
381210
382940
384000
386880
287700
234140
393360
400110
57300
403740
415000
438110
437220
444560
449680
475990
485890
488680
337000
525610
563560
578080
582890
583950
418460
755790
359550
