47870
96100
204180
49520
217490
208480
230410
238960
262410
253710
44350
252150
268870
271590
293180
303390
318600
313830
261640
730
305620
344910
357070
357290
377600
380020
380600
394870
365450
405610
431960
448070
448780
461640
491170
501760
518100
521830
292030
525290
527990
539720
541380
546090
550670
558620
563560
574850
575910
578080
578180
581610
587050
588090
588430
351940
603290
603570
604160
604810
605520
375120
619730
628750
645710
386180
648800
686110
715290
236870
433850
552520
203770
232050
286570
270550
439190
490220
209080
1046930
