10
80
100
300
50
70
130
240
280
360
4000
2990
6920
4500
220
320
340
380
400
420
13520
20510
500
3590
21670
550
24960
22490
32500
40800
70000
620
105600
57900
17710
72850
55230
41070
564310
202310
104900
108800
115320
219640
223470
203140
205930
51100
113400
203290
206210
208090
212070
213650
218230
230410
236390
55370
223710
262410
206500
224260
22300
220240
233840
218620
209160
209170
213670
221910
270370
270850
273110
222880
244850
225840
246620
282140
258180
290930
298240
286690
287390
301520
302830
243470
312990
313240
55100
227940
206420
317360
317400
319510
307690
326740
330580
331470
333930
337320
252490
700580
301640
346010
346900
348020
349700
287290
354240
355180
255710
355840
409720
218640
296830
366800
322330
378110
380600
383150
385770
389570
391460
393410
394380
395760
397680
337000
238090
377160
98400
407810
225540
417860
431960
434730
437400
264120
442710
374320
443580
444090
449140
450390
457330
462930
463860
474960
223100
480490
390340
273350
550650
444200
555570
8500
566990
567060
588430
375230
591960
461680
506540
619310
386180
655550
304930
700330
629520
884660
611500
304390
730
