300
20
70
220
4000
2990
6220
400
500
17430
24740
34900
550
24960
8190
12220
34270
44310
47870
35130
47920
105600
200110
12110
12120
205790
22490
17330
17340
108800
217490
213610
214510
227300
11020
236390
245550
237110
248470
252490
213670
7200
228760
243360
41700
271590
283660
285160
285900
288470
203140
205930
302080
227940
242640
274940
10
80
240
730
218620
340540
255710
356370
357770
386360
388970
391040
403570
429470
431560
433850
441870
444090
367450
50130
489830
307780
588430
610360
619520
645260
304930
745330
488790
863550
43110
979060
1046930
44350
684680
