220
17480
40400
550
38700
33680
8930
70100
228200
34270
92800
70000
620
104200
92100
46500
46510
55150
48000
3830
204880
104900
33120
207610
214340
209080
218640
7510
223470
57690
1930
224900
212110
225600
46260
220440
35720
11020
207230
230410
264380
221040
225260
224220
203160
8870
232770
44350
210770
234650
65930
35450
233250
244850
239350
249990
250030
251910
253650
253920
253940
254060
254080
254100
233130
259320
259360
261110
261180
219830
252150
261760
263060
263860
263980
266010
226840
253880
25000
268870
244870
271570
273770
222880
274500
275490
278360
279640
279720
280140
254700
282800
283390
284930
284950
351030
284990
324060
285010
285050
285070
285090
285800
285820
286320
286570
288060
289090
289420
291130
292370
292380
292410
292570
292620
292910
293180
294020
294040
294230
295910
296870
297020
298600
299460
95400
301680
301750
301990
303390
303610
241240
306040
306350
306410
307050
307070
300300
308000
313740
314020
265590
315060
315430
315810
222900
316600
317250
233720
318600
319910
321040
321150
321400
322970
323370
324070
238320
325150
326120
326480
329000
329380
330270
331470
730
333600
334070
334210
335240
337420
338120
2400
340070
340300
340770
341500
340820
342380
343360
343560
343930
344130
344300
345220
345440
345650
345920
346560
346950
347040
205910
277680
347560
348020
348360
350740
351470
351490
350810
354290
356790
357280
357780
358080
359060
359340
359350
360380
360620
360870
360890
360970
362410
362610
363970
364910
365070
368080
368590
219740
370710
371210
371420
371450
371570
371670
372000
372490
371330
374320
374830
375010
375200
375510
377310
378100
381140
382080
382120
383330
367580
385800
385950
386480
387840
388120
390970
391260
391720
391730
392030
392410
204180
274560
314450
355120
394540
395170
395420
396850
397270
397500
397700
397980
398850
398980
399430
399920
400040
400240
400250
399910
400370
401680
365450
403570
404770
406090
407230
409100
410110
410670
412600
414290
414580
415590
415960
416080
416110
416130
416630
417110
417430
417860
418070
420110
420970
421700
422100
422250
423710
423770
423880
390570
427860
428490
428430
428900
429470
429580
431960
424280
434250
434420
434610
427980
438010
438030
438180
439930
440730
440760
443940
444220
444280
447850
447860
447890
448440
449220
449680
448070
438480
539720
562360
636150
451880
453820
453850
454040
454200
454890
454910
457490
458940
459130
459820
460150
460750
461640
461690
461890
462250
462730
463050
463100
463210
463220
463350
464760
465520
466730
467370
468330
468490
469890
470270
471170
472680
473730
475220
476480
477160
481600
485080
485120
269710
485310
485330
485370
485410
485830
485870
485980
486820
486880
487220
487270
488460
489220
489520
489900
490940
491000
491080
491260
491950
492130
493370
494160
495890
496320
496590
496870
497050
498660
499420
501920
501930
503300
503820
504400
504490
319630
505740
505760
508170
508190
508290
509110
509240
509930
511090
511470
512250
513510
513630
513780
515690
518800
520520
520530
521340
521940
522570
523730
523870
526790
527480
527490
527770
528510
529240
533150
533300
535690
535760
537360
538590
539450
539700
541370
542240
542340
543770
543790
543930
545360
545370
545700
546400
529760
546990
547960
548230
551520
552410
553340
554310
554530
556280
558340
252850
561340
562220
562270
562430
566060
567290
567340
567580
569360
575490
575550
575640
575840
576540
576560
576880
576980
463150
581640
581670
582010
208140
582280
583760
584100
584890
585950
586380
587830
588050
588710
588970
351940
591420
595440
596170
596870
601570
602520
602930
603260
603890
606330
606690
607270
498320
610360
610750
610810
610930
611980
612110
598470
219640
615610
617610
619400
628760
628850
629960
660740
635060
635730
236150
642890
686140
691960
644200
644560
644570
645090
305050
218620
656600
658160
668630
323580
686180
686190
689650
700470
368420
711990
712050
113020
712790
712840
713260
718090
15700
308040
720280
733610
734380
739000
740260
755200
231430
236870
368230
774831
777950
782690
787370
788130
788910
795630
209670
804320
226860
834070
203770
844930
232050
270550
862690
863550
439190
868490
490220
878380
878750
751860
914690
696370
304390
96000
402390
510840
962970
730310
638070
308600
343710
