220
340
320
380
2100
2130
4000
420
20900
12210
17470
17410
7860
1250
24840
550
41000
24960
8190
21090
28000
8980
22490
47870
47780
50300
42910
104200
92100
55110
21100
96100
55150
24240
55230
41070
67370
108710
20920
33120
207610
63380
202750
204180
91310
98400
204360
217490
219150
217980
219640
211400
57690
223470
12110
47410
99900
109600
113400
227240
230410
238070
238960
240320
272350
223710
265630
202090
224260
203160
220050
43160
216250
233270
218620
206420
252490
253430
233130
255520
259740
252150
263980
269210
274170
274190
222880
225840
48720
281920
289090
293180
222900
238460
299460
286690
287390
303390
304930
305050
306040
306350
312990
227940
277950
315430
317360
318220
318600
319230
238010
321040
250400
321400
321560
322500
45770
221040
307690
327410
274940
10
240
730
305620
282070
333930
337950
342580
316390
343360
344040
345220
346120
348020
349700
287290
339280
351490
21690
355180
355840
357370
357780
232090
362610
363970
364470
365670
366530
367520
368360
42120
219740
322330
269670
375460
380840
382120
382490
386880
389570
392820
396160
398710
399430
400240
400250
400370
365450
404790
407230
407840
410110
409310
412250
416170
422100
428430
239140
433210
424280
433800
435530
244930
441870
444090
447850
447940
449220
473520
475550
477290
50130
214850
486820
487220
489220
484950
48000
417910
273350
319630
361300
513510
292030
526740
324810
530620
307780
531960
533780
550650
555570
252850
302590
571350
578310
588430
351940
236150
645090
386180
657200
678800
691020
700330
22350
466240
755790
788880
802200
820400
433850
823130
513780
203770
232050
544920
863550
439190
884660
391720
304390
961440
43110
395170
231430
219830
