240
4000
4700
10500
17480
15620
8170
23450
34030
33910
33930
219540
50130
42700
42710
12210
47890
48720
44340
20920
73010
24240
12100
12120
110800
72850
203770
105450
22380
207610
204100
730
212680
219640
205100
203140
34330
226700
227300
47410
51100
218230
230410
236390
262410
223750
224580
231180
203160
233450
233720
220200
35450
206190
236850
242760
242860
242920
233250
244850
231430
239030
223670
248610
218620
239820
251060
252490
252950
214950
49520
107410
15320
220260
243470
245470
260230
261030
263280
264710
233150
221100
268650
270150
270850
8930
271590
228380
272860
244450
222880
48700
213670
278910
281990
246620
286160
287700
294100
296470
298630
299740
304930
238090
307960
310560
313120
313160
227940
314160
314980
316430
226580
320300
322500
323190
323610
302510
241930
330840
274940
305620
282070
333950
334230
319630
341800
295110
433850
344760
346010
346110
325610
291650
329430
275100
255710
356040
356570
360430
362620
365360
365720
292030
373420
377160
378860
379430
385710
388080
234140
393380
225540
415200
307670
418240
418460
208650
423580
424370
268500
427290
239140
431960
244930
364360
440900
236870
443810
445190
365590
447040
447820
466560
477160
394360
491950
498240
504230
234630
312660
493340
337000
535230
397950
480490
362960
552520
460920
578080
582660
584210
588430
589290
304390
355790
356190
594570
612880
621060
621220
322780
629760
644930
582160
649600
657200
240720
700330
712100
435150
779340
785740
863550
