4000
12900
40700
40420
45740
57300
8980
31280
31290
47890
620
105600
31270
19680
11360
55230
3830
115100
35720
107600
94590
200940
207610
207690
202750
204180
26800
40800
113200
209080
31220
204630
214790
63710
94200
207420
204360
219640
219150
57690
224960
203160
219890
230050
99900
200210
212800
3483
39000
214420
223710
248570
250600
286100
206500
224260
204240
225260
233450
232770
233470
233720
113020
72850
224760
234710
242860
241600
10
20
30
50
60
70
80
220
240
300
380
400
420
500
550
730
207140
368730
246680
247020
225080
243780
248820
218620
233840
238280
239820
251130
252130
252290
252410
252950
255870
233130
255520
258910
259530
221910
252330
261180
263080
263980
264140
265610
265930
266430
211820
269490
269670
272990
224480
274170
274190
274250
275200
275470
282660
285010
351030
285330
285840
287980
288160
233290
291550
293240
294230
295690
246070
297110
238460
302830
303210
304050
304460
304930
305280
306410
306760
310370
311690
215080
312990
206420
247080
315430
317400
313340
205020
318430
320140
297210
265890
271900
304410
321480
322170
42910
204080
218130
231740
234390
305050
327260
329380
305620
335240
257510
338180
250900
319630
339400
242680
341190
301910
345820
346900
347560
351800
354240
255710
356570
356670
357300
359310
360740
362890
363790
363970
364270
365050
365300
367520
368370
368450
375460
236870
381780
382490
383580
384360
384400
383870
367570
369580
386620
388210
306040
314020
355150
389570
394310
394970
397900
398710
402330
365450
402840
399780
405640
409160
410110
413150
416770
417860
417890
418040
40720
421120
422970
425340
425580
210970
428900
360730
440430
440431
440432
440433
440434
244070
3900
8930
282210
424280
433950
435400
436820
435120
437160
437900
438080
438480
439910
230270
34270
444090
445130
448090
448510
449680
452060
460060
462930
466260
466270
466910
467360
468560
470260
474010
474750
474910
474960
477160
485000
48000
490820
491950
501300
391720
511470
513510
289070
526540
529110
532110
535930
557600
578310
442290
582500
588430
610080
615610
622650
632000
643270
648390
679990
696480
240720
702670
702810
554620
712730
725340
733070
734750
746710
781440
589780
203770
845070
897330
1026820
939510
