4000
33910
620
105600
96100
24240
110800
41070
564310
201700
204180
113200
204360
219640
227300
236390
271290
253710
203160
233720
216250
220200
65930
242760
218620
251060
251570
252370
252490
255220
107410
220260
263980
265930
270880
271590
244450
286940
222900
238460
286690
287390
302830
304050
304930
8980
49520
217490
311690
274170
323850
327890
274940
730
10
337320
344760
346010
346110
348020
355840
235540
240460
219740
322330
381210
385400
306040
389570
252950
394310
394870
397690
234140
402750
225540
311210
420850
359550
239140
432020
438180
385730
437220
365590
449540
454600
462930
474750
485980
273350
508670
360430
550040
460920
575570
588430
619910
323580
368230
496300
222880
