10
240
4000
320
360
400
15620
550
33230
8190
40800
620
105600
113200
204340
204360
49520
217490
219910
109600
236390
240320
248570
206500
222730
246420
273110
286160
293260
227780
238460
301520
304050
304930
306020
310060
312530
269210
323850
331470
730
338180
250900
236430
346900
297130
363970
364110
365670
367520
219740
322330
380840
381640
382490
385770
386940
291550
397900
398710
416600
427730
432020
424280
438040
439350
440740
444090
444640
446270
488440
492800
493370
510050
513450
521340
524970
552990
557810
575720
578310
589120
591420
591960
596650
511800
612020
625140
625430
626680
630100
632360
204300
386180
648800
662830
666860
674940
678800
690510
641990
704210
711810
721030
734750
735850
738060
215830
753230
763410
786680
792480
795100
797010
816350
556820
211820
979060
1046930
761890
275390
285900
