17460
1250
34900
41000
41010
22490
72400
55100
92100
105600
55150
32800
204340
49520
217490
203160
236390
65930
233130
252150
263980
264710
211820
268870
269210
271590
271760
57300
239200
281920
286320
228180
299720
301520
304050
304930
227940
265300
318600
320520
322170
322970
221040
323850
324420
238320
324800
261640
211420
330830
331480
730
335240
335300
252490
344910
352900
356670
232090
364470
322330
377290
380600
380840
252950
291550
21690
204180
274560
314450
396160
399130
400240
365450
50620
388410
418070
418300
421060
433340
434250
434730
438100
364360
374320
8980
729040
448780
457440
461140
461640
463210
381210
474960
477160
486820
491170
273350
506670
512470
513710
515310
518730
292030
524340
530700
533330
537860
543770
544550
547960
548430
550650
558620
563560
566220
438740
578080
578310
351940
590970
605910
612470
306130
489520
622650
204300
305050
218620
674940
323580
594570
15700
466240
748300
755790
802200
823130
826010
570940
203770
232050
270550
863550
490220
391720
222880
304390
96000
43110
296630
