240
300
320
4000
1250
33910
33930
8930
42910
620
105600
55110
55230
205790
204340
104900
204100
113200
730
218510
204360
202970
202990
212910
200170
201790
224540
109600
200210
208090
230410
236390
238960
223710
242720
224580
34870
220050
220240
214950
218620
222880
252490
252950
107410
245620
263440
211820
269210
550
247730
271590
273110
225840
48720
282660
288470
238460
299860
301520
15620
304050
304930
227940
296470
8190
203160
241930
331470
219740
322330
344760
346110
407530
349700
355840
306130
45740
365670
371970
376570
386360
393420
413150
359550
433850
438100
437220
440900
488280
273350
504370
505460
513710
518780
519190
289070
555570
8500
578080
593600
641990
700030
700330
715570
629520
466240
755790
393380
583950
1046930
