10
80
100
70
220
240
320
380
3330
4000
400
420
24720
550
41000
41010
111600
41070
204340
219150
200170
55230
203290
236390
238960
223710
262410
265630
224260
253710
233450
217200
218620
239820
206420
265210
273110
225840
246620
294860
286690
304930
311690
227940
203160
322170
331470
730
319630
236430
349700
335300
355180
363970
368730
374320
331600
386880
389570
393530
98400
414290
428950
239140
430960
457210
462200
491260
492130
554530
578080
581970
588430
9480
698780
233130
255520
496300
795100
871720
