10
80
100
220
240
20
70
1900
2800
4000
2620
2630
7000
1700
2280
4830
11230
15700
19830
19840
17390
11590
16720
22330
12470
32370
21690
38450
24790
550
13520
19900
41700
33210
33340
47700
24960
3900
3990
8800
16810
24780
50130
47870
31290
94500
47890
42910
46500
46510
46490
33910
8930
10220
22490
207170
205610
207610
41500
200710
108800
6910
6920
28050
201280
210390
730
65740
211400
223470
224960
225300
12100
12120
12170
12210
12220
12250
72850
212070
236390
203160
225140
6850
6860
6900
203140
205930
242920
220240
246840
239350
242960
247430
238010
259190
39530
214870
270550
210770
271590
244430
275490
276890
277630
254700
284160
43160
258180
290730
302190
206420
314660
315260
8000
35130
320320
237850
221040
302510
24010
256030
277650
304240
354640
326190
255710
337000
397330
398000
413150
427520
2870
539730
542972
542975
489830
579020
731490
440900
883710
