10
4000
220
400
20900
12200
17390
1250
17450
550
24960
8190
8930
22490
70000
620
105600
55150
12100
12110
12120
72850
12360
67370
204880
201700
20920
33120
207610
211010
200260
223470
55230
227300
208090
212070
230410
236390
232770
44350
234650
65930
242760
220240
239030
206420
251570
233130
221910
261030
252150
242700
265930
226840
268870
4500
41700
271590
222880
278360
284930
285010
351030
285090
286570
286690
287390
304930
227940
265590
318600
203160
321040
272510
307690
238320
287680
331470
274940
730
305620
340070
346010
346110
407530
346900
287290
255710
354500
354550
201810
355920
306130
360380
12210
363970
219740
322330
252950
388410
391460
395170
320300
365450
407250
414700
417430
431960
434570
434610
438100
444090
365590
449540
473470
488280
491950
503820
508900
513000
234630
292030
307780
535760
536220
489520
545860
552990
555620
8500
6020
32370
32430
588430
351940
610360
617670
619400
622650
578080
386180
648800
305050
218620
657200
323580
15700
241930
762590
776340
799070
252490
236870
823040
513780
203770
842150
232050
544920
270550
863550
439190
866800
490220
209080
334210
391720
696370
304390
96000
510840
231430
308600
343710
266310
370910
