10
80
100
2990
24740
9350
9420
204180
227300
11020
113400
236390
238960
241660
252950
272060
304930
41300
323720
730
340070
344040
346140
346630
347610
355150
35700
35720
319910
374830
380600
383330
367580
386510
393420
400040
407250
413850
413856
418040
92100
351490
360380
370510
431240
244930
444090
596350
448400
466910
492270
319630
513000
524340
526460
324810
534500
397950
545690
545700
444200
557400
578180
581470
582280
596140
600450
615050
218620
676420
233130
255520
368230
209670
433850
439700
828170
