3830
220
9450
21670
21690
40400
550
22370
31280
40800
34270
92800
70000
400
620
105600
91700
11280
98800
55150
107200
113200
201570
2820
204880
22490
33120
203630
207610
211420
214150
209080
214360
730
218510
218640
212680
204360
200710
219150
200510
204630
219640
57690
214170
218740
224900
55230
221640
228400
42910
212070
218230
230410
236390
238960
209870
271290
206500
256410
8930
225260
224220
204080
233700
214730
44350
210770
234710
234650
65930
222480
236090
206190
72850
224420
233250
1250
35450
35480
208140
239450
234390
248820
249990
245170
253980
254080
219990
238910
233130
257890
49520
217490
221040
261110
261180
252150
263060
263980
211820
226840
267900
267980
268870
269330
271570
57300
222880
274900
275490
278360
278460
279640
280140
281990
283290
284950
351030
285580
285800
285840
286570
287120
288060
289090
290000
291410
292370
292570
292910
293180
294020
294230
225600
296910
297020
238460
299260
299460
301750
303390
304050
250400
306350
63380
224600
307070
307350
308000
91200
236730
251530
252170
294750
312450
215080
244630
313740
265590
269210
315060
316010
265300
318430
318600
319180
8500
321040
238320
261640
24240
329380
331360
305620
218620
333930
334210
335430
277950
219740
322330
2400
339470
342200
306930
343360
344440
345220
345920
346110
346950
355520
355840
232090
360620
360640
360970
363970
364270
364470
364690
369200
369990
370100
372490
381140
385400
385830
386360
389040
391720
253030
395170
249650
255300
260160
265330
281750
314810
314830
323720
327220
339190
351860
382140
397700
391260
397500
407230
236110
400240
400250
400370
400630
365450
403740
235540
15700
406970
410110
341310
396160
399790
414580
415270
414070
422250
428430
264240
443940
444090
446150
107410
447850
448070
455710
205890
310380
461910
465520
468330
475220
485310
486310
486820
489220
490220
491950
273350
503820
508530
509240
509840
518800
526390
527430
530700
535230
535760
537360
538590
542340
489520
546400
529760
547960
489830
550650
436520
566060
575700
575720
576880
588430
588630
351940
375230
595280
511800
607270
498320
610840
610930
612020
572520
627690
392110
236150
643270
204300
386180
305050
323580
611500
368420
113020
308040
436180
737010
552500
751240
504370
231430
662320
236870
368230
359550
797470
228200
209670
513780
838330
203770
232050
270550
439190
874240
915580
696370
304390
96000
402390
510840
638070
308600
343710
1046930
632360
219830
331470
370910
