10
80
100
4000
12210
17430
24740
3710
3590
1250
550
28000
50300
65560
39530
3270
19680
24240
9200
72850
201700
4560
12750
730
9010
202970
202990
212910
214870
223470
220240
221260
214510
227300
206210
230410
236390
272350
223710
248570
224260
239220
225260
203160
204450
242800
218620
206420
233130
255520
200260
262280
265300
271590
222880
213670
290930
291010
298930
301520
301980
304930
238090
291480
227940
317360
321040
274170
209650
209660
241930
333930
337950
343710
301910
335300
359600
365300
3820
292030
374320
383080
388410
393530
234140
405500
413850
414700
208650
239140
430070
431960
434570
444090
447890
457710
377160
50130
359550
502940
524900
324810
530700
536930
550650
550900
562220
566990
578080
304390
524220
644560
652980
755790
778740
804320
812140
433850
873240
1003520
278360
