10
80
100
220
340
380
4000
420
17390
24720
24790
550
42910
620
105600
227300
200210
218230
230410
286080
265630
206500
224260
246280
222730
241600
218620
252950
257750
264710
108600
265930
211820
270450
271570
271590
273110
274190
225840
246620
290930
294100
238460
301520
304050
304930
273500
265590
317360
317400
274940
322170
323850
331470
730
277950
250900
2400
2420
340540
346120
346330
355180
355840
362890
363970
365670
322330
386940
291550
387990
391540
417860
417890
433340
438100
244930
529840
557340
562010
563560
302590
578310
581470
588430
599390
602960
607200
607260
629760
641320
386180
700330
708420
466240
743090
857130
304390
826600
