220
4000
380
420
550
8930
620
49520
17080
200210
208090
218130
218230
227240
230410
236390
214420
223710
248570
262410
265630
271290
206500
224260
239220
113020
233250
224540
218620
222880
252490
700580
247120
270370
273110
225840
278970
282660
293540
298240
301520
302830
304050
304930
227940
314020
317360
317470
200110
238010
328060
330350
331470
10
80
240
730
332070
335330
346900
349700
351140
355150
355180
355840
320590
363970
365670
322330
380840
2400
383790
385770
399660
299360
236110
280790
434570
444090
8500
302590
578310
588430
506540
386180
652980
657200
666220
675630
700330
466240
755790
359550
855860
219830
237870
