1250
70100
34270
107310
96100
3830
33120
207610
204180
218640
7510
223470
1930
225600
220700
224220
224500
44350
65930
242780
233250
243120
243780
248330
251870
252350
253610
253650
253900
253940
253980
254060
254100
238910
257830
259320
259360
259550
259620
261180
252150
261760
262120
263060
263360
263860
263980
264560
267920
268320
268870
269250
269690
267670
270750
270760
274290
275080
279260
279640
279800
280640
281200
281220
282880
283180
283390
284220
284390
284750
284770
284810
284850
284890
285010
351030
285070
286260
286320
286570
227560
288930
290280
291130
291170
292370
292410
293180
294020
294040
294230
295790
295910
297080
298480
298520
298600
299460
301190
301200
301990
302650
302710
303390
306040
306350
306410
307070
311860
312230
262240
265170
313650
313740
314030
277950
316370
317620
253510
318600
319320
319480
275180
321040
321150
321400
321920
322970
226720
323450
323460
325370
326120
326180
326190
326670
327410
328680
329770
328600
333740
334070
335900
336030
336090
336250
339130
319630
339460
339470
339590
339860
340300
340310
340320
340770
341060
341090
340820
341890
342380
342580
342970
343270
343280
343360
343390
343930
344040
344130
344300
345120
345220
345440
345920
346560
346630
294440
347040
347430
348020
348450
348540
348800
349140
349500
350010
351150
351250
352010
326950
274620
353990
354860
356390
356790
357280
357770
357780
357900
358650
338530
359960
360390
360640
360650
361190
361850
362410
362610
363270
363490
363620
364230
364350
364890
365800
365880
364690
366210
366620
366760
367350
368740
368750
369040
3810
3820
3800
370090
370270
370510
371180
371100
371220
371390
371420
371460
372750
371330
373620
374460
375200
375460
375510
375580
375620
375790
369310
377470
377660
377680
378100
378660
378810
380020
382080
382120
382300
382920
383560
383580
384660
385020
385070
385080
385270
385490
385400
385860
386420
387010
387930
388120
388390
388420
388660
389310
389400
390460
390970
391140
391240
391260
391740
391420
391960
392820
385240
394260
394870
395100
395170
395350
395420
395570
395860
396160
396790
396800
396850
397500
397700
397980
398150
398160
398680
398710
398970
399130
399530
399790
400240
400250
399910
400370
400380
400510
400740
402390
403560
403570
403850
403900
403740
404770
405950
405970
406090
406120
406870
407230
407300
407680
407980
408440
408750
409280
409370
409380
409600
410150
410210
410290
410430
411120
411760
412130
412270
412370
412380
412600
414580
415420
415530
415830
416170
416350
418070
414070
418180
418270
418360
418640
419500
419590
420360
416630
421040
421870
422100
422650
423550
423710
423760
423770
423810
424000
424170
424760
424830
424850
426210
415960
427550
427770
427780
427930
428510
428630
428920
428430
428950
429200
429280
428900
429580
429610
429780
429950
430020
431260
431560
430190
431850
431990
432190
432280
432470
432990
434010
434230
434250
434300
434420
434500
434610
434800
434820
427980
436140
436300
436360
436480
264240
437180
437420
438030
438080
439550
439910
439930
440340
440380
431230
441670
441870
443940
444220
444280
444410
444440
444480
444720
444790
444800
444860
445170
446380
446640
447850
447890
447950
447970
448000
448470
448620
448350
448790
448830
448910
448940
449120
449200
449210
449220
449340
449440
449530
449680
449760
450030
450190
450650
450850
451700
451880
452120
448520
453100
453670
453850
453980
454040
454100
454180
454200
454320
454690
454780
454870
454890
454930
455110
370770
456810
457450
457490
457820
457570
458030
458480
458520
459100
459130
460190
460910
460940
461010
461230
461390
461640
461730
461760
461780
461850
461880
461890
462110
462200
462030
462730
322950
463040
463050
463100
463350
463550
463710
463930
464230
464440
464760
464960
465540
466420
466790
466830
466890
454700
467320
467370
467310
467950
324060
468570
470140
470270
470480
471170
473520
473670
473730
474050
474810
474910
476880
477290
478010
479260
480480
482120
482300
482890
475250
485080
485310
485360
485370
485410
485440
485450
485500
485560
485590
485660
485730
485950
486120
486360
486820
486880
486890
487030
487180
487220
487590
487600
487700
488330
489220
484950
489610
489900
490390
490820
488280
490870
490940
490980
491000
491080
491170
491260
491330
491580
491720
491730
492130
492170
490300
492530
492430
493700
493730
493780
494660
495010
495780
496550
496680
496690
496870
496980
497020
497260
497350
498030
498040
498620
498840
499440
486480
501120
501920
501930
502140
502150
502910
503430
503480
503820
503830
504400
504490
503420
504980
505210
506840
507120
506590
507380
507390
507400
508170
508180
508540
508550
508820
508960
509240
509570
509910
509930
509960
510330
511160
511390
511430
511670
511750
511820
512020
512550
512640
512770
513340
513510
513570
513580
513610
513630
513820
513840
513880
513970
514220
514240
514290
514340
514470
514480
514490
514660
514890
514970
515310
515910
516920
517470
517660
518100
518620
518650
520820
521100
521210
521930
521940
522010
522570
523790
524340
526460
526540
517190
526750
526790
527380
527490
527750
527770
528090
529420
529480
525070
529900
530520
530740
530920
531240
531860
533320
533640
533660
535290
511490
535760
535840
536320
536340
536410
537090
538590
539450
539460
539700
539720
540020
540640
540900
541100
542260
542400
542730
543270
489520
545370
545410
545470
545590
545690
546380
546410
529760
546610
547960
548230
548930
549810
550580
551100
551110
551670
552160
552390
552410
553780
554310
555080
555260
555280
555850
555890
555920
526920
556250
557680
557830
558620
558810
559350
252850
560220
560710
558610
562240
562360
562520
562660
563150
564810
565880
566220
566670
567060
567680
568450
544180
570550
571870
572760
422870
573210
574580
574810
574850
575140
575870
575880
575910
575920
576470
576660
577380
577740
578250
579150
579230
580420
581030
581100
581470
581600
581610
581800
581820
581970
582430
583660
582290
585180
585220
585750
585790
586170
586620
587050
588420
589430
351940
590870
593290
593330
596170
596590
596690
596870
601280
601640
601870
219640
627950
218620
323580
113020
15700
308040
209670
265590
232050
270550
863550
439190
490220
209080
334210
391720
222880
304390
96000
491950
510840
638070
231430
308600
278360
285800
343710
370910
275390
