4000
550
8190
70110
620
105600
107100
32800
20920
200710
104900
50300
209080
219640
208480
223470
99900
109600
208090
213650
218230
230410
236390
272350
214420
223390
248570
250420
271290
219700
41070
224540
91310
220240
235600
222880
207140
251570
252490
242550
247910
49520
217490
211820
269650
271590
238460
301520
304050
304930
224600
227700
227940
317360
200110
203160
323370
10
240
730
332310
218620
338550
339610
340540
351290
355070
8870
322330
381210
385770
386070
386360
386880
389300
280790
225540
349040
427730
434570
444090
365590
449540
495910
273350
505460
643270
386180
435150
611500
325180
