29800
23490
70000
620
104200
91200
92100
55150
107100
113200
3830
207610
209080
49520
217490
214510
223470
47410
109600
200210
238960
233630
243120
91310
216250
219640
252490
700580
254000
263980
269210
222880
274560
278360
278970
284750
285800
286120
287120
222900
299460
299720
301200
304930
250400
310380
227940
313730
314020
314450
302510
238320
261640
331470
10
100
240
730
335430
277950
2400
341310
342580
343360
349700
351490
356040
363970
322330
374570
338060
379960
385800
291550
389300
392060
398680
399790
400250
360170
403560
403900
406210
407230
409160
410670
280790
416080
423950
428430
431960
434610
264240
438040
34270
205230
205950
445230
474750
475550
486310
491950
508900
515040
630100
629520
209670
805940
823130
513780
863550
878750
334210
696370
927890
304390
963690
43110
231430
1004240
1046930
