4500
320
340
12900
20510
12200
1250
9860
24860
20900
550
41700
43110
400
33910
33930
22380
9010
15620
20570
56400
22350
38740
9200
22230
107600
201570
211420
730
49520
221640
11020
113400
208090
212070
230410
236390
238960
272350
214420
223750
224260
253710
215690
35450
218620
242130
234390
219640
252490
235800
211820
271290
222880
287700
296470
107410
238460
301520
304050
304930
224600
227700
310380
9900
311340
291480
215080
312990
227940
222900
200110
221380
323370
24240
305620
355840
361630
369200
374040
374570
379430
244450
244930
437220
275850
464060
359320
273350
505040
418460
641990
435150
544920
582010
914620
1066260
