10
240
2100
4000
6900
6850
6860
2600
6910
6920
1700
2300
9050
7670
409710
220
380
400
420
15120
12320
20900
12200
9480
12210
17410
15620
29800
1250
22330
22320
21980
40300
41500
17450
550
22370
34030
9800
34410
47730
8190
50130
33930
45740
8930
22490
6120
18040
39500
39510
65540
40800
50300
42910
22350
105600
47790
107100
24240
113200
9200
39690
55230
41070
205790
10220
67370
204340
102500
102840
110800
205840
20920
211600
205910
201790
20500
20530
20550
667720
211420
50650
217980
204360
219150
200510
214870
1930
208480
203140
205930
218680
17460
24980
204100
9310
50620
388410
47890
220440
72850
104700
109600
206210
208090
218130
230410
236390
238960
240320
202090
224260
239220
225260
203160
204080
8870
233550
113020
228300
234650
233270
215690
65930
204450
237430
224060
225360
206190
40390
220240
214560
860950
242940
235600
206420
219640
253980
247430
249870
239160
250400
258590
242050
217490
238430
262060
262280
40950
264710
219830
215530
265930
211820
268870
270150
270370
210770
235460
271590
237990
224480
274170
274190
222880
274520
278360
48700
281640
282530
283640
43160
286940
287700
288470
233290
293260
294100
201810
245620
297810
238460
300550
286690
287390
304050
304930
306830
307110
227700
38400
38410
38420
260230
311690
311870
313080
55100
227940
269210
222900
265300
200110
233720
318600
207170
251730
238010
320240
241930
321800
242640
221040
302510
404730
238590
239140
307690
324800
323220
261640
330830
330840
268050
274940
730
218620
282070
2400
2420
2430
340150
304240
236430
346010
346900
346940
348020
266510
301910
351100
335300
350080
8850
409720
235540
356570
297130
21690
360150
360170
232090
361300
362890
248610
363970
365360
365720
218640
296830
367500
367520
368360
249230
2500
35700
292030
373420
223470
341940
377160
63380
238090
380360
381210
383580
384360
383870
290340
391540
394970
234140
299360
407530
410110
236110
307670
243970
418240
219740
322330
363890
339340
268500
359550
438740
374320
444090
365590
371660
456670
457140
34010
461950
464060
466300
471010
473690
475550
223100
48000
403640
491950
273350
504370
360430
337000
535230
362960
489830
550040
552990
447040
289130
236870
588430
375230
590380
460930
356190
374040
386180
648800
493900
411300
704450
435150
480430
40990
379430
209670
570940
203770
553660
559100
304390
449960
