4000
1250
35420
40800
105600
72850
67370
223470
99900
200210
206210
208090
212800
213650
215870
218130
218230
286080
223710
250420
202090
206500
224260
239220
246280
263540
50
220
240
280
300
340
380
400
420
500
550
620
730
237110
218620
49520
217490
260410
211820
367540
270370
274170
225840
291860
292910
293260
293540
286160
204360
238460
304050
304930
224600
310370
311690
312990
9880
227940
206420
317470
323850
329790
331470
250900
236430
352400
354500
494710
351640
356130
357480
360760
365300
365720
298180
236110
322330
312530
385770
291550
409510
427270
434570
438100
444090
452230
461750
462200
471710
475550
488440
547680
564710
566910
571350
575720
582500
588430
370770
609940
646570
386180
305050
698780
700330
781440
813820
818210
57300
878420
906200
285800
1026820
879160
1046930
219830
1070330
275390
1048540
