300
220
340
320
360
380
4000
4560
228200
4500
20510
7830
25890
20500
667720
550
41700
43110
24960
8930
32500
64000
70000
620
105600
55150
55230
203770
104900
730
208480
203140
205930
227300
51100
104700
218230
230410
236390
238960
39000
265630
224260
226320
253710
227860
233450
222730
35450
242760
224540
220240
231430
239030
218620
236850
235600
206420
251060
107410
242050
270370
244450
273110
222880
239160
281990
246620
286940
289300
298240
286690
287390
301520
302830
304930
305260
224600
227700
227940
314970
317600
326740
289650
332070
305620
314420
346110
349480
355180
255710
360760
316430
365300
322330
292030
223470
383150
299360
225540
418460
431960
438100
440090
444090
394360
474750
223100
302670
368230
496300
503560
530700
541570
552990
447040
578080
447820
588430
700330
721720
239140
55100
252490
359550
813820
1046930
