4000
11390
620
104200
96100
110400
204360
217490
223470
51100
203290
208090
230410
236390
238960
240320
272350
214420
223750
224260
253710
218620
252490
254000
254040
286940
238460
301520
304050
227940
317360
200110
205790
331120
331470
730
333930
337950
316390
346330
346900
349700
355840
363970
369400
322330
380600
380840
386360
291550
407530
280790
414290
433850
438100
524340
530700
533620
539730
542972
550650
555570
302590
436520
578080
615050
506540
386180
304930
755790
809960
811360
813820
544920
611500
884660
619080
437220
