4000
8000
15160
15080
11240
500
23310
27000
1930
1250
21680
11390
23380
20900
550
41700
46410
21090
21110
21120
46440
50620
8930
43000
70100
8980
729040
22380
4540
4550
475150
50300
21100
33770
104200
55110
91200
105600
57900
7610
63110
70120
11360
19200
11370
11330
46500
46510
46480
46490
35320
46520
8140
24240
9350
9420
60350
3830
116120
115100
70640
67370
7520
204440
205830
60800
208580
207420
209520
208640
63380
7000
210950
207610
202750
50650
216930
49520
6200
730
220200
209670
208630
208620
219640
200710
216890
213610
7510
223000
214590
217270
39630
223470
23300
4500
224960
225300
225320
44690
18480
224980
225000
225020
220440
3700
99900
113420
207230
218130
231060
238960
258700
39120
246280
218700
231200
224220
203160
12520
21690
15950
15900
15930
15960
16000
16020
16030
16040
16060
32110
32120
32160
32140
60340
232750
72850
234940
236730
11340
234650
215690
65930
228300
238210
234350
6600
225360
233980
242760
233250
243120
243160
243280
237550
207140
368730
246900
255520
265210
241620
248310
248330
248530
248710
239350
233840
245280
226720
250620
251130
251530
252170
252670
252710
252950
253030
253650
208610
245170
253900
253940
253980
254060
254320
231330
245410
245430
245450
245050
209160
234670
247660
257050
219990
213670
258010
258220
258910
258950
259280
259830
232010
221910
260270
260550
238430
261110
261180
261430
261490
261530
261640
262150
262280
262470
262770
263400
263980
264080
264200
264240
264300
266010
266940
267940
262940
268870
269050
269250
269270
269710
269790
270090
270150
270190
270410
270450
270550
210770
270770
270790
270850
271570
232790
237990
273110
208670
274170
274190
274350
222880
275200
251570
275530
275570
233350
275810
275830
276890
277110
277270
277560
278100
278360
279420
279440
279500
279720
280200
281450
235210
281990
282070
246620
8890
282800
282900
283180
284050
284240
284750
284770
284790
284810
284850
284950
351030
284990
324060
285010
285070
285820
285980
286260
286500
287720
288060
288500
288840
289260
289380
233290
289800
228400
290080
290300
292380
292390
292500
292660
292670
292910
292930
293180
293320
293440
293780
294230
294750
294770
294790
295110
433850
295930
296180
296490
296630
296970
297020
297070
297290
298140
298600
299800
300040
300380
300550
300570
300580
205930
292120
301190
301200
301260
301480
301680
301750
302110
302120
302130
302180
302240
302730
303390
303470
304270
304430
289520
306410
224600
307230
307340
307350
307590
308060
308320
308330
308420
227700
259130
280740
312840
313020
313080
268420
314150
314510
265590
315260
315920
316790
317100
317610
313340
45760
318230
249230
318530
318600
319180
319230
319320
229810
320040
6880
8190
320320
320820
268050
320970
321150
321260
321870
321920
322040
322190
322500
322970
323250
323260
323270
323280
242640
323380
323450
323580
324110
324260
324770
325090
325370
326130
326180
326190
326410
327090
327310
312960
327370
327510
327890
328680
328870
328880
329000
115320
329380
329830
262690
331440
331470
289690
331870
305620
332500
332620
332810
333430
333600
333650
249050
334230
105000
203830
214340
219910
220740
230820
241910
243200
255280
268540
334470
334480
276810
335080
335320
333260
335900
336030
336060
337150
337480
337850
257510
338170
319630
339470
242680
339800
340200
340300
340310
340320
340490
340650
341070
341980
314660
342300
342580
342630
342740
343360
343860
343990
344030
344230
344770
344790
344800
344810
344910
345130
301640
345540
345820
345990
346110
346560
346950
347030
347160
347430
347520
347560
348020
348870
348950
349140
298630
350970
351150
351250
351920
291650
352070
352520
353110
353270
353640
350810
348290
354860
354920
355530
355650
355920
356040
356050
356160
7670
8850
8870
334070
357290
357310
357900
358610
358650
358750
358840
338530
359050
359100
359310
1020470
359580
360380
360550
360830
360840
336420
361020
361190
361300
361600
361990
362680
363330
363440
363490
363930
364050
364230
329460
365450
365770
366320
218640
367120
367450
367500
367520
368370
368590
369000
369290
369560
369990
65800
370360
370910
371420
371510
372000
372160
372260
226860
372890
373480
373860
373870
373990
374830
375010
375250
375460
375510
375710
375600
377310
377360
377710
378080
378830
380020
381000
381210
381780
382160
382570
383080
383330
383460
383580
2400
383790
384190
384310
384630
385070
385080
385800
385940
385960
386070
386360
386620
386480
386970
290340
387060
388120
388210
388390
388440
388960
388160
389810
390710
390910
390970
391070
391300
391310
391540
391560
391660
391720
391420
392370
393420
393430
393460
394690
394830
395170
395570
395860
396350
396360
395380
396790
397330
397340
397430
397440
397460
397840
397980
398000
391260
397500
407230
398620
398630
398710
398850
399100
399430
399790
399890
400170
400180
400450
400510
400630
400660
401810
402060
402390
402530
403560
403570
403900
404640
404660
405710
406110
380210
407600
98400
407810
409070
409380
410210
410320
410820
410900
411120
412130
412170
412290
412600
412880
413150
413460
415150
415420
415960
416080
416200
416370
416600
416680
418070
414070
418120
418950
420110
420290
421050
422130
422140
422250
422610
423230
423580
422970
423710
424170
424840
376300
426690
270880
317060
428550
428740
428750
428950
429330
429470
429540
429610
92200
431200
431680
431930
432170
432760
432770
432780
432950
433100
433340
394160
403400
433750
433910
434460
434650
290790
435400
435530
324650
437390
437530
437890
438010
438020
438030
438080
438130
438180
438790
439550
439910
440950
441870
442210
443810
443850
444090
444220
444480
444490
444790
444940
445040
445980
446020
446840
446850
446910
447800
447890
447970
447990
448000
448070
448260
448470
448510
448630
448640
448350
449200
449540
450190
450290
450670
438480
539720
562360
636150
451760
451880
452570
452860
453100
394230
453480
453820
453850
453910
454040
454100
454200
454690
454890
454930
455400
368390
456810
457440
457480
457710
457820
458940
459090
461010
461390
461640
461690
461730
461880
461890
462070
462220
462730
271240
463100
463110
463210
463220
384250
463350
463550
463710
463930
464060
464960
465170
465720
466560
466790
466840
467000
467010
467310
467950
468320
468490
468570
468800
255710
469730
470260
470780
471010
471170
471910
473470
473530
473560
473670
473740
473800
474050
274500
474910
475190
475550
476510
477160
394360
478010
381120
479260
390340
481600
50130
369200
485080
485330
485390
485410
485420
485450
485490
485870
486150
487220
487350
487430
487580
487590
487600
355800
489140
489220
489360
327030
489460
489520
489610
489890
489900
361230
490820
490940
491170
491260
491580
491650
491730
491950
492870
493450
493540
493650
493700
493710
494660
494720
495110
495120
495740
496630
496680
496690
496870
497050
497080
497260
497400
497430
497700
498030
498040
498050
499230
499340
499420
499520
499890
500100
500570
500580
500590
486480
501320
501930
502140
502150
503480
503560
503820
505210
505730
505760
506840
507380
507390
507520
508170
508180
508290
508530
508610
508790
508950
509110
509240
509600
509780
509930
510550
510620
511190
511470
512550
368230
496300
512640
512300
513370
513530
513550
513590
513610
513620
513630
513740
513780
513820
514470
514480
514490
514660
514970
515310
515470
515690
289070
520250
520600
521230
521430
521590
521630
521930
521940
521990
522210
522240
522490
522570
523790
366640
524640
525290
526460
526540
526880
527480
527490
527540
527750
527760
527770
528090
528300
528510
528660
530950
531240
531860
532030
532600
533300
533330
533540
533640
533820
534010
534290
535760
397950
437570
537180
537360
115800
538590
539440
540020
540640
540840
540900
541100
541920
542350
542400
542690
542710
542720
542730
542740
543320
544140
545250
544330
545410
545430
545700
545820
545860
546080
546090
546230
546400
546980
546990
547960
489830
549680
549810
549900
550390
467820
551110
553960
555320
555370
555610
555620
555640
555700
556120
556280
556870
557680
558420
558810
560230
560720
560730
560740
560750
560760
560820
562220
562600
562640
562800
563120
563520
566160
566560
567280
567290
567580
568450
544180
569430
570460
571870
573130
573210
575090
575550
575640
575700
575860
575870
575910
576010
576130
576560
580420
581200
581270
581610
581700
581820
582430
582500
582620
583760
584980
585180
585550
585560
585790
585950
586130
586350
586470
586480
586620
586930
586960
586970
588240
588420
589640
591420
355790
591560
592730
595140
595280
595460
595640
595780
599480
599560
600370
600450
600660
601180
601280
602770
602830
602930
603030
604200
605740
605910
606150
606690
607270
209080
608800
609490
610780
611780
611790
612110
612390
598470
600210
615150
618510
619400
619700
620640
621150
621530
622370
623580
623940
234270
627950
628340
628840
629770
633130
633460
374040
265930
633440
644200
644560
645090
646270
647410
278910
650220
652700
654610
655760
656570
656680
656880
657230
657240
657500
658810
661240
20500
667820
668630
669050
670730
493900
674520
675950
677040
677160
677220
678850
680360
681620
686600
230190
535480
695100
377160
696480
240720
699160
703840
635320
704850
714240
717070
719800
720030
720280
732810
734910
736430
418370
740600
746840
760060
768290
773580
774411
777760
777880
779640
780580
781260
782690
783050
785840
787040
787370
787400
787780
787840
796950
799510
811240
813820
819480
834390
840610
844130
844930
544920
873150
718670
878750
879420
880510
882940
897030
638970
920520
921530
927890
935880
961440
963690
775490
969700
998930
370280
1002560
1003520
1004240
1008710
1014440
343710
1045050
1046930
252130
282100
275390
1048540
