4000
500
22300
17410
10180
10190
550
47780
620
105600
41070
208090
218230
230410
236390
248570
265630
224260
218620
251570
252490
252950
271590
273110
222880
285070
301520
302830
303390
304050
304930
312990
227940
250400
21690
323850
730
282070
335240
337950
316390
301640
346110
301910
351290
355180
355840
232090
360760
322330
380600
381210
386940
291550
299360
414290
225540
431960
424280
434570
438100
444090
365590
359550
348670
273350
530700
550650
555570
563560
436520
438740
575640
578080
578310
591420
619910
466240
813820
433850
544920
611500
884660
766370
304390
437220
43110
1046930
