1250
10180
10190
55150
57690
11020
212500
236390
272350
63200
253650
261110
252150
263060
273770
285090
291210
292410
293180
297020
351030
299460
303390
304930
222900
200110
321040
730
339470
346900
349500
357900
338530
360890
363480
42120
375460
257400
378100
382120
382300
294040
387840
391260
391720
400240
400250
420740
422100
428430
433850
434250
443940
447850
448780
449680
457590
457710
464760
476480
485310
486820
488210
489220
491950
496500
503820
509840
526790
535760
537360
538590
540900
542340
546380
529760
547960
553340
554530
556160
252850
567290
570380
575860
576470
581610
585860
586380
351940
619400
305050
218620
655260
656140
323580
682910
233130
255520
368420
308040
231430
368230
319830
863550
