4000
4580
220
20900
10180
10190
550
40800
55100
620
55150
205790
55230
201700
20920
91310
214340
113200
730
209080
204360
219640
220460
1930
223470
204100
220440
113400
230410
202090
225260
224220
203160
44350
210770
65930
252490
252950
253900
253920
253940
253980
254060
233130
261110
261180
268870
271590
273500
222880
239160
279640
281750
283290
285800
233290
270550
293180
295110
433850
296050
245620
286690
287390
303390
307230
206420
315060
265550
238010
323370
265300
302510
241930
238320
324800
24240
268050
331480
334210
2400
319630
340770
343360
345220
346900
201810
350080
1250
232090
360380
360430
360940
269670
287700
234140
391310
391420
394540
397700
337000
391260
397500
407230
400250
401680
365450
403740
235540
406210
388410
462780
341310
396160
399790
225540
420290
208650
421060
239140
432020
391220
433950
437220
440760
34270
205950
443810
447970
448940
449540
438480
539720
562360
636150
457440
379720
462030
467390
474960
223100
485580
495740
273350
49540
508670
509990
512450
513710
312660
523790
307780
489520
548430
550650
555710
556120
438740
578080
584210
585830
603130
607700
498320
610130
610390
618510
619080
414340
231430
368230
209670
552500
203770
232050
356190
304390
96000
402390
638070
395170
1046930
