10
20
50
70
130
240
4000
320
7200
4570
4580
220
380
400
420
12900
9460
12750
8600
8660
19200
18500
17470
23310
24740
29800
22200
34900
11390
38220
20500
40400
24800
32200
20900
18110
550
12840
18820
43500
15620
44100
42120
47700
45400
6800
6830
43110
49400
34270
24780
34920
50510
42960
4760
9940
22380
70100
70900
35460
80000
80360
18400
41730
7520
23600
72200
45410
29180
40700
93200
475150
50300
42910
45450
620
91900
92100
70000
91200
41800
63000
96000
249610
45760
104200
22650
22670
42140
105600
96200
49470
105300
7760
97000
55040
63500
92300
95300
44200
11280
46500
46510
46540
91600
107310
8980
55150
96100
35450
2210
9500
111400
11250
8930
107100
28050
18070
17710
22230
46520
200110
41050
58230
2500
11200
35700
98100
98200
102840
55230
99300
92800
115100
80310
201480
71340
91100
200190
1500
1510
1520
1530
98800
41070
201570
61310
35720
203990
202090
6120
40800
63710
94200
26500
41100
70300
2400
41900
203770
71000
33680
203210
205730
108710
65800
42170
207650
45000
208090
111100
102600
96400
208600
41300
49600
209270
209330
209520
98300
96800
201700
6220
207150
105800
207690
33100
33120
209120
203630
207610
206370
212030
205530
40950
40960
40970
40980
7670
409710
409720
211360
200260
212680
211010
6250
46750
3830
48000
207020
211340
97330
210170
96300
25800
215450
214360
204840
113200
108700
214340
49520
730
41700
92700
215670
215770
214570
72000
200510
20820
107200
107800
65300
218640
209540
206440
209670
204360
220860
219910
205910
7510
203140
18420
58520
205100
203350
220820
203680
208200
218680
219150
223220
211400
23460
218410
207040
606730
218740
1930
38600
212110
220240
219740
322330
44690
223630
228200
462780
268540
63800
46260
25890
224420
227000
212700
113020
209950
214560
220440
225140
225160
227220
220700
200900
211280
228260
12100
220090
229520
227280
368730
204080
227800
219890
57690
211500
212800
272350
265630
271290
286100
226980
231430
204240
225260
224820
233150
218060
224220
228760
232910
96900
222660
21690
234490
233450
227180
227080
234710
234370
233740
219190
224500
232770
220660
234900
1250
35420
228440
220900
15930
230700
210770
222480
235250
233720
44350
234940
227480
236730
234290
234190
215690
65930
224600
228300
31280
222730
233980
236090
206190
231160
237110
231740
238630
236370
242780
242800
242820
233250
243120
243160
243280
228960
242110
95000
201420
239450
238240
244690
244710
244770
244850
244870
237590
241320
40390
206420
207370
207380
207400
218820
207140
246800
246980
247020
214770
247310
218620
225080
225180
239030
243780
221680
244590
231040
239070
248190
248290
248470
248530
248550
248650
248860
239350
233840
2840
238280
249590
249650
242530
225280
241240
238320
249990
250030
226720
250260
250280
250580
214550
111900
251130
251310
251430
251470
251530
251570
251690
251730
251850
251910
252110
252130
252170
252350
252410
252490
252570
252670
252950
253030
253110
253290
253330
253570
253610
253630
253650
253900
253940
253980
254100
254200
231310
243450
243800
236510
255220
255300
255370
247660
256350
257120
238910
249330
257830
257890
258010
258050
258090
258220
247000
235980
231720
250400
45500
245390
258890
247830
258950
247140
259390
259510
259550
259600
259680
259740
212480
18000
232010
94400
260160
254440
261180
219830
217100
3020
252150
261530
261700
262150
262210
262240
262260
221380
262470
262550
262690
262770
262810
262830
262850
262900
263060
263320
263400
263420
263460
263560
237760
263820
264120
346610
264140
264200
264320
264340
264540
264560
264730
227300
265170
265300
265380
9980
265670
265870
266130
266210
266230
266250
266430
266490
267060
201040
267670
225420
267900
267920
267960
267980
268200
268220
268240
268870
269210
269270
269370
269670
269890
270090
270110
270330
270450
270550
270750
270760
271570
271640
271820
271860
232790
266330
274230
274290
274310
222880
274980
275200
275390
275470
275490
225840
277510
277680
278100
278360
278460
278530
278570
239160
278930
236130
279260
279520
279580
279720
279800
280010
280910
281200
281220
235210
254700
252010
281860
282100
282760
282880
283000
283020
283230
283290
283390
283660
283980
284140
284220
284390
284710
284730
284750
284770
284790
284810
284830
284850
284870
284890
284930
284950
351030
285010
285090
285130
285800
285840
285900
286120
286360
287100
287260
227560
287340
288020
288880
289440
233290
289760
289890
290280
290320
290380
290650
290710
291130
291410
291710
292200
292370
292380
292410
292620
292630
293180
431290
294020
294040
294230
201810
264520
294860
295250
295930
295990
296050
296070
213850
296590
296930
296970
297020
297330
297490
298520
298600
299360
299460
300060
300220
300320
300540
301050
301190
301200
301480
301520
301750
301990
302010
253470
302610
302650
302710
302950
303390
304500
305640
305820
305980
287450
306350
306410
63380
246840
276890
306950
307050
307070
307170
307230
307350
307410
308000
308040
308360
308420
308440
310070
310380
311680
311860
244630
312990
313080
313140
305490
313650
232430
314210
314250
314590
255420
277950
255070
311250
313590
274900
316010
316790
313340
318430
318440
319180
319230
319320
257630
319740
229810
320140
320400
321150
321360
322900
301970
214490
325090
325370
325470
305050
258970
325870
327310
327410
327650
328500
328600
328760
24240
328940
329380
329490
330110
246090
330680
331220
331340
331440
331760
331870
246110
332480
332970
234630
333740
215470
334040
334070
235620
334300
334560
335450
335460
335900
274620
317440
337040
337630
337940
257510
338050
338140
338550
338710
338760
339130
319630
222180
339700
333760
340200
340270
340320
340440
340580
340650
340770
340800
341060
341090
341530
310740
342610
342620
342650
342980
336710
336730
343280
343360
335660
343710
343740
343800
343840
344040
344300
344500
344840
345090
345120
345220
345440
345820
346010
346110
346180
346200
346210
346320
346450
346630
294440
346950
347030
347560
348540
348960
349500
350010
287290
351450
351470
351490
352010
352190
326950
353070
354030
354040
351480
354160
354860
354960
355080
355100
355530
356200
357200
357280
357290
357300
297130
357780
357900
234920
358080
338530
359140
236450
359960
270050
360010
360150
360590
360890
336420
361190
362660
363330
363410
363490
363620
364720
365300
365660
274270
365860
364690
366220
366610
366670
366700
367060
364900
367240
367300
367350
367520
368080
368720
369040
369060
369420
369580
3810
3820
3800
343100
370300
370360
370940
371570
372820
372830
373180
373440
374570
375040
375120
375510
375620
375710
375770
375790
376920
377310
377570
377660
378270
379290
379320
381170
382120
383150
383330
383580
384150
384190
385020
385080
385560
385770
385830
385860
386540
291550
387930
388210
388500
388080
388880
389810
390160
389570
391070
391520
391740
391960
392820
395140
382490
230410
397570
331600
398680
398710
399270
399430
399530
236110
399670
399890
400180
400240
400250
401840
402850
403560
403570
403900
403740
404540
15700
405950
406120
406730
406870
407150
407840
407880
409170
410110
410210
410430
410670
412410
412600
280790
413680
414660
415420
415960
416030
416080
416350
417910
418070
414070
418240
418960
419500
420270
420360
421060
422250
423180
424170
426040
426210
270880
268500
427780
428220
428750
428430
429020
429470
429580
429600
430020
431560
394310
432470
432950
432990
433210
433790
433850
433950
434300
434610
435400
435530
437920
438080
438180
439550
439910
439930
440730
440760
431230
441670
441870
442210
442780
434680
443420
443940
429430
357070
446640
447310
447850
447890
448000
448780
448940
449210
449220
449680
450030
448070
275850
452860
453740
454080
454180
454220
370770
457140
458520
461010
461720
461840
461850
462220
463210
463710
466270
466560
466910
365190
467330
379720
468320
469730
469890
470270
474210
474820
274500
475190
477160
477290
478010
485370
485410
485430
486360
214850
486880
487250
487600
488440
490820
488280
491030
491080
491950
492600
493200
494720
495960
496870
497400
497580
498620
498830
498840
486480
503820
504490
505660
505760
506840
507010
508180
508530
509960
511160
511340
511750
368230
513620
514340
514890
520520
521920
521940
521990
522010
517190
526790
528090
528770
529480
530020
532600
533150
533660
535840
536340
538590
541370
542340
542730
543160
543320
545690
546610
546700
547470
549900
550890
551080
551670
552590
553640
553780
554530
555710
555760
507490
252850
558610
561510
562240
562430
562650
563560
565340
566560
567000
567680
570910
571870
575880
576980
577740
578080
579150
579230
580420
581030
581610
581820
582430
588430
599390
600420
605910
332310
383980
608660
209080
219640
506540
633251
236150
204300
647960
677480
323580
233130
700330
702810
611500
306130
687850
802200
862920
871720
