4000
11020
17080
51100
99900
113400
211500
212070
218230
230410
236390
214420
271290
224260
261430
271590
301520
304050
304930
227940
327690
331360
730
333930
346900
381210
386360
291550
389300
299360
412470
280790
429180
431960
435440
438100
444090
596350
273350
513000
520860
544920
444200
8500
563560
436520
578080
434510
588430
589870
591960
612020
616220
506540
619080
627690
204300
394230
218620
666860
674940
690510
698780
734750
466240
480430
504370
763410
359550
795580
813820
433850
844870
863550
884660
761890
