280
4000
220
20900
500
17410
38400
17450
70300
50620
40800
620
105600
46500
96100
110800
20920
204180
108710
20530
50650
10
80
100
730
200710
109600
212070
230410
236390
238960
272350
250600
262410
223750
226320
229870
72850
12120
12210
12220
91310
216250
218620
235600
217980
242050
39210
265300
550
57300
281990
282440
236430
243470
287700
290930
203140
206420
280740
314160
319180
203160
239160
329110
331470
341190
343450
271590
346110
349210
351640
361700
495460
362890
364470
292030
208650
209000
267490
383080
389300
234140
393360
393380
404480
411180
414730
391220
438100
444560
446750
365590
453480
457420
457550
466270
379720
468700
485650
403640
479130
518780
525100
530620
530700
307780
534110
537420
537421
537422
489830
8500
447040
584210
588430
306130
633251
582160
705220
365170
435150
750920
812140
837380
611500
883710
961440
1046930
275390
