10
80
100
240
32160
248710
251130
253650
245170
260550
263980
266940
244410
269310
281920
285330
286320
286500
294230
294370
301190
301200
302120
306640
308330
311010
311870
317620
328880
730
340300
340310
340320
344030
344790
344800
344810
348020
356160
357070
361190
371420
372260
375460
385950
388120
390970
397980
398630
398710
310470
400510
403570
406970
410110
418070
418300
420740
422140
422610
431680
433950
436150
438080
439910
439920
447890
448000
449460
450290
453100
454930
456810
461010
462070
463930
466790
473670
474910
476240
485410
485420
490820
490940
496640
496870
496890
501930
508170
510550
513530
513630
521930
521940
526540
527480
527490
528090
533330
545690
211400
555700
567290
578080
583760
615610
621530
640380
715010
836490
814580
814600
