4000
7510
22330
6060
20500
6020
550
32440
22380
12120
620
105600
24240
55230
3830
67370
115320
91310
211420
215280
730
49520
200710
203140
219640
220240
8870
113400
218230
230410
238960
39120
72850
35450
242760
231430
244870
206420
214770
209000
218620
251570
252490
253230
234670
242860
233130
247910
261640
262060
238430
263440
242700
265550
265930
211820
221100
268910
235460
247730
222880
213670
280180
222900
107410
299860
9900
268420
227940
200110
265300
65980
274170
241930
239140
335300
273350
35140
208650
304240
323470
346010
346110
235540
255710
359320
232090
362890
365720
367500
377160
236870
360170
402180
365450
225540
431240
431960
438640
374320
454650
379720
485510
403640
498330
559650
447040
582010
582660
584210
356190
524220
606280
674940
698780
435150
221040
637650
627270
834530
844870
638970
883710
961440
601150
814380
927380
