4000
15620
29800
1250
34900
33910
33930
219540
65700
65720
47870
42910
70000
620
104200
92100
105600
91700
96100
202090
105450
104900
730
4920
49520
217490
227300
212070
230410
236390
238960
272350
206500
224260
224580
225260
229520
210770
60
80
220
240
300
550
251970
252490
107410
235800
221380
263980
221100
268870
222880
48700
237930
299460
299720
301520
304050
304930
306040
250400
63380
311870
268420
227940
301970
317110
318430
318600
321040
238320
328270
24240
337950
342200
351490
238370
369000
370100
375510
377290
380020
385080
386360
389300
391070
204180
274560
314450
394540
403900
410210
341310
396160
399790
407230
416080
438010
438030
438100
439250
440760
444480
365590
463220
469730
319630
508530
515040
550470
252850
219640
630100
218620
700330
629520
804320
611500
