10
70
4000
7000
220
340
400
420
500
12200
17430
29800
550
24980
50130
31280
48190
70000
620
104200
92100
20920
96100
24240
72850
41070
12360
201700
104900
108800
204100
91310
98400
35140
219640
223470
220240
227300
102700
208090
236390
223710
265630
224260
221040
203160
232770
233720
234710
234650
242760
218620
206420
222880
252950
49520
233130
260550
242700
263060
263980
265930
266940
218640
270550
8930
200510
279720
283290
286500
291010
295110
433850
296470
296830
298600
216250
299460
299720
286690
287390
302120
304050
304930
238090
9480
55230
311340
313120
318100
321400
241930
238320
274940
730
241560
305620
334070
343450
344790
344910
346110
349500
255710
1250
236970
243800
370510
322330
381210
383150
383180
387990
204180
274560
314450
394870
395170
396160
397500
397900
400250
234140
407230
407810
427270
359550
623990
239140
429470
427730
443940
446640
447850
448440
449220
486820
319630
516750
20500
55110
388410
462780
475150
667720
438740
578080
617670
203770
532210
581320
