240
4000
6860
12520
13210
13230
13250
12360
17390
24720
40400
17450
550
18820
47730
10680
47700
41010
33930
219540
28000
38600
12220
31280
92300
92800
620
72200
45760
105600
105400
42160
70600
8930
9420
12100
12120
203990
2820
201310
22490
207650
209330
204880
207690
203630
207610
212680
107100
211340
91310
98800
730
215510
209540
214560
206440
220860
49520
217490
65740
204360
203350
204630
41070
4920
55230
203140
46260
225140
225160
218130
35720
227300
209120
236390
224580
225260
6000
6020
6060
32370
208580
218060
214730
8870
233720
220200
43160
222730
72850
224420
242760
208140
33910
244850
107410
206420
220240
40390
40300
234390
244590
248530
248860
218620
214550
222880
252330
25800
253980
224860
238910
233130
263360
264730
267060
221100
267920
267980
268870
270550
237870
274900
275490
277490
278360
278460
285500
286040
286810
287120
289180
289400
289420
289890
292380
20510
298600
299460
301520
289440
303390
18400
306040
307230
312640
319180
238320
24240
344910
356200
361190
361420
365720
375460
385830
253030
311210
341310
396160
399790
407230
271590
420290
453980
379720
515040
292030
489830
578080
392110
386180
697040
368420
476600
368230
252490
203770
231430
