220
380
3830
240
4000
409710
400
420
20900
12200
17470
17410
1250
10150
35700
32330
41500
32450
24960
8190
35140
21130
22490
6120
8980
729040
40800
47780
55100
42910
620
105600
47790
113200
110800
55230
67370
20920
207610
104900
115320
50300
91310
206440
108710
202750
17300
17330
108800
212580
211420
730
200260
204360
49520
217490
200710
219150
219640
218680
218740
223470
17460
24980
214510
50620
388410
462780
212070
230410
225260
34870
8870
216250
219740
322330
228300
65930
204450
224060
215530
72850
241600
35720
12100
12110
12120
12210
224540
220240
237110
225080
239070
218620
235600
250320
214550
253980
217980
233130
255520
213670
238010
221910
261030
249130
209000
9200
211820
267530
550
271590
57300
239200
274170
274190
222880
239160
282440
285160
287700
288160
288470
233290
267550
292910
201810
35450
237930
203140
205930
286690
287390
304930
238090
63380
260230
312530
291480
312840
206420
319170
319910
203160
242640
241930
307690
238320
24240
21000
213330
313690
330830
330840
331470
298110
282070
319630
340050
352400
350080
261640
362890
363970
238370
383870
391720
234140
8850
409720
413150
225540
208650
239140
391220
444090
379720
474240
474960
223100
50130
48000
403640
513230
292030
337000
489830
578080
356190
614570
612880
554620
38400
236870
812140
863550
606280
304390
275390
