10
80
100
70
220
340
240
320
360
380
4000
400
420
20510
500
12210
1250
550
41700
3730
10680
24960
12220
34270
31290
12120
620
39530
9200
12100
12200
12130
67370
22380
204340
201700
207610
217200
223470
4500
43110
12110
227300
38830
102700
208090
212070
236390
31500
39000
223710
242590
262410
265630
224260
253710
44350
22300
22340
250180
252950
247120
242050
261760
263060
263280
264710
265930
226840
268830
271590
272060
273110
225840
2990
6220
12360
201510
239160
285160
286570
286690
286940
287390
290930
292910
298260
243470
304930
238090
291480
227940
238320
331120
730
305620
332950
333930
339230
316390
345920
353220
354860
355180
354900
355840
357770
360890
362890
363970
366250
377160
378100
386880
387970
391460
391720
394680
395850
409160
413850
413856
414700
421120
422100
432470
433350
434250
436110
436160
438100
444200
449220
378370
466500
468530
50130
485310
496500
508980
509240
312660
519140
525780
530330
530620
480490
537860
542340
545250
550650
562010
565340
578310
578330
582890
587650
591740
602890
9480
678350
386180
218620
662830
17500
679990
700330
417920
476600
476620
714070
239140
727550
466240
480430
40990
759610
236870
766570
785030
802200
804970
433850
57300
239200
823770
863550
666310
586980
696370
231430
1024500
343710
325180
