10
100
240
4000
550
24960
219640
51100
99900
113400
208090
236390
238960
240320
265630
253710
218620
252950
273110
222880
278970
298240
301520
302830
304050
304930
227940
274940
730
333930
346120
346900
35450
354500
494710
355180
355840
360760
380360
380600
291550
391460
393420
299360
438100
244930
444090
530700
531960
550650
444200
555570
436520
578310
386180
666220
673560
691020
700330
321400
251950
732730
734580
755790
757130
766570
252490
804320
813820
433850
863550
611500
884660
304390
437220
