4000
6200
2200
16730
17390
6840
17450
550
41000
41010
7520
72400
38720
42910
620
104200
105600
92100
107100
67370
204340
104900
214170
113200
211420
10
240
730
204360
219150
224900
223470
47410
104700
200210
203290
207230
230410
236390
238960
240320
263500
272350
209870
214420
242590
248570
262410
271290
42160
202090
224260
239220
241640
246280
253710
225260
233450
210770
234650
65930
72850
243120
201420
225080
218620
239820
251970
252630
233130
257750
260410
265930
266430
218640
269210
253690
94400
273110
271500
238750
274170
278970
282440
283370
285160
287120
290830
270550
292380
293260
293540
293560
294160
295930
298240
238460
237930
299460
301200
214340
219910
230820
243200
268540
301520
302830
303390
304050
304930
250400
307230
312990
227940
265590
247080
222900
293500
205790
319570
321480
241540
323850
307690
326180
327640
301970
331360
331470
332070
332650
282070
333930
335240
335330
223630
337420
338180
340540
340810
316390
334040
344910
346010
346120
346900
342480
347430
348020
339280
351140
355000
355070
255710
356640
360870
360890
363970
364470
365050
365300
238370
369000
372800
312530
380840
382490
383580
384980
385770
385800
385890
386360
261570
387290
291550
387860
389570
391460
391720
393410
393530
395520
396790
399660
365450
406210
413150
341310
396160
399790
407230
431960
434420
436150
437920
438010
438030
444090
446270
453480
445230
8930
457330
458940
474750
482920
485730
488440
48000
491170
213670
319630
444200
489520
469820
546390
489830
550650
8500
302590
436520
578080
578310
610080
306130
628840
630100
639790
204300
666220
698780
700330
38400
504370
231430
813820
360620
209080
608800
878750
304390
583950
967250
982510
278360
325180
1046930
226840
