3920
240
4000
6100
4760
70
130
12200
17410
10190
24790
550
33230
48700
24960
8190
50130
8930
42960
22380
70100
8980
34330
48190
620
55110
105600
22230
107100
3830
65800
110800
72850
67370
42910
208090
201870
207690
108800
12810
201790
730
8200
8210
219640
49520
200710
220860
204360
34030
219150
205790
214560
223830
7670
8870
200510
409710
42170
55230
219740
322330
214510
12120
12170
12180
12210
203160
113400
218130
218230
230410
236390
238960
269390
42160
202090
218060
224220
225260
233700
31280
234710
204450
236730
234650
222730
65930
206190
224420
206420
218620
233840
249990
251970
252410
205100
257120
219830
262060
265930
211820
274170
274190
275200
278100
404730
291860
293540
238460
300550
301520
304930
224600
308040
310380
9900
38400
38410
312530
291480
215080
227940
314410
313340
226320
320300
320340
250400
322190
301970
325090
326410
327510
24240
308420
330420
246110
220090
262850
333930
346010
342020
346940
266510
348550
8850
235540
359580
363970
365720
365670
249230
371330
380600
275390
392410
397060
234140
50620
236110
428750
429680
444090
205890
485120
489520
490950
442080
273350
289070
528820
115800
289130
674940
677120
504370
880940
1046930
