4000
20900
550
620
109600
236390
238960
263500
224260
252150
273110
293320
299720
302830
308040
310080
311860
227940
730
343360
348020
357900
363970
376570
291550
391460
401190
405950
412830
431960
438100
444090
596350
449530
449540
449680
461880
465520
466790
467380
474050
485570
487420
490940
495910
319630
508900
512450
514580
292030
526740
533300
536410
539720
542350
489520
546400
550900
551930
8500
562010
562840
575910
576010
578310
585790
588430
596870
610390
627950
643270
658560
304930
700330
215830
787990
789270
790450
798280
799070
810200
810230
813820
