220
29800
3590
550
28000
42700
42710
8980
47810
40800
620
104700
104200
91200
105600
98800
96100
42680
42690
8930
113200
67370
65300
203770
204340
22490
20920
105800
63380
7670
409710
91310
204300
211420
10
240
730
215510
212680
202970
202990
212910
200710
211400
203140
205930
40950
40960
40970
40980
47400
204100
46260
201790
57690
200210
238960
245550
8870
210770
65930
72850
224420
42910
220240
237110
218620
235600
239820
225280
252490
217980
409720
219990
49520
217490
263980
215530
271590
203160
222880
275490
283290
286690
287120
287390
287700
201810
245620
35450
289130
311340
314020
314450
317250
238010
258180
239160
241930
307690
209650
209660
24240
341500
346630
351150
353550
355150
255710
371670
322330
292030
230230
373420
380600
391720
253030
397500
399750
405610
377160
410210
341310
396160
399790
407230
416080
268500
239140
429700
434420
438100
236870
450850
463350
474960
359550
485440
485450
485950
307780
489830
557780
252950
578080
585830
587810
596870
603030
618140
634230
552520
450860
582160
504370
755790
231430
368230
766570
812140
878750
884660
304390
1046930
