10
40
80
100
70
220
280
320
2200
7670
4500
15100
12750
20510
3590
35700
24870
550
41700
43110
24960
4850
8980
729040
1630
1640
47870
47890
99810
96000
46560
204340
206610
214340
211050
200670
12110
227300
208090
211500
230410
238960
250420
225260
203160
217200
43160
204450
215530
35720
41070
564310
91310
216250
220240
237110
237630
218620
226720
251970
253900
224460
227600
231330
255390
213670
241910
49520
217490
259740
260750
260770
242700
266010
9200
218640
273110
34870
279800
246620
282660
284790
284810
284850
286690
287390
233290
296220
297000
351030
301150
306040
312280
55100
227940
314450
319910
320690
221040
238320
268050
240
730
298110
282070
342580
307780
255710
361700
361770
361780
362890
243800
374280
374900
274560
383150
384120
391070
385240
393420
407250
432290
443360
443370
456430
310380
458470
458480
50130
359550
261570
387290
500150
427460
504370
319630
508390
508900
530330
533300
546220
551550
552990
562210
562220
566160
568810
422870
575640
591420
610360
525040
645090
658560
728440
766570
776370
799070
817190
1046930
