4000
20900
12210
17480
1250
550
8190
50130
8980
729040
47870
620
104200
92100
105600
96100
22490
20920
207610
204180
42170
214170
113200
730
200260
219640
219760
219780
207230
230410
236390
238960
286080
1520
8870
224540
243950
218620
4570
9310
252490
49520
217490
261030
262060
263980
274560
200510
222900
285900
286160
286690
287390
291010
293180
295690
299460
299740
306040
306410
312530
314020
314450
247080
315430
317250
317400
322170
261640
333740
219740
322330
340070
341310
341500
343360
351490
35450
232090
366890
370090
370510
371670
292030
230230
373420
378100
382120
367570
391260
391420
394360
394540
394680
397500
398680
399790
400240
400250
405610
407230
271590
225540
416080
422100
427780
428430
429470
431710
431960
434420
439250
440760
443940
444090
446640
447850
449220
438480
539720
562360
636150
457140
461140
461640
462030
463050
463350
467370
477160
48000
273350
307780
541100
550650
438740
575490
578080
619910
665360
435150
38400
368230
63500
897820
304390
601150
673950
961440
583950
976310
278360
1046930
