2500
11200
29800
7510
1250
35700
40400
550
18820
10680
38600
18400
72400
34270
620
96000
104200
91200
92100
7530
46500
55150
96100
3830
41070
204880
7520
108200
209520
33120
207610
205610
104900
204180
209080
220820
222160
1900
224900
223470
55230
215930
227300
208090
212070
230410
238960
263500
204240
225260
224820
224220
229520
232770
44350
210770
234940
236730
234650
65930
238210
35450
35720
242880
228960
239450
244710
246420
241620
244730
248470
227020
251130
251530
252170
252570
252950
245170
253880
253900
253940
253980
254020
254060
254080
215630
255870
233130
257830
258220
259320
260550
261110
261180
252150
261760
262280
262690
262830
263060
263400
263620
263860
263980
242700
265330
265830
266940
218640
268870
269310
269650
269890
270090
270150
270550
271550
271570
271590
271670
271860
65780
273110
273770
222880
274900
275490
275670
233350
277680
279640
279720
280140
281750
252010
281920
282100
283000
283880
116100
284750
284930
284950
351030
284990
324060
285010
285050
285070
285090
285130
285800
286040
286320
286500
286570
287120
287140
288060
289400
289440
290000
290770
291010
291390
292410
292570
292620
292910
293180
293320
294020
294040
294230
294750
295670
295690
295990
296490
296830
296870
297020
298360
298600
298820
298830
298840
299460
214340
219910
230820
243200
268540
301750
301860
303390
301190
301200
303720
304930
306350
307070
307340
307350
308000
310560
311010
280740
311870
312230
314020
313020
313830
265590
206420
315060
265300
317040
317250
317360
313340
318100
318600
319180
319760
319910
321030
321270
321400
321870
321950
323060
238320
325090
325730
326120
328270
330660
730
331790
332480
332790
296050
333250
333740
334300
335010
335700
336030
337290
338180
2400
319630
339470
340070
340830
341150
341500
341980
343100
343360
343930
344040
344230
344300
344790
344810
344910
345220
345920
346560
346900
346950
347560
347830
348020
348730
349500
351490
241930
351990
353550
275100
350810
351480
354400
354860
354920
355150
355430
355920
356070
352620
356890
357280
357290
357770
357780
357900
358070
358080
358610
358830
338530
359350
360620
360890
336420
360970
361190
362410
362680
363610
363930
364270
364910
365020
366890
368710
368990
369290
369370
369580
369890
370100
370510
370640
370710
370780
371460
371510
371570
371670
371690
372210
372490
372740
372750
373290
373700
374830
375010
375580
376480
376920
377290
377470
377600
378100
378270
379530
380020
380790
381140
381870
382080
382120
382140
383580
383590
384630
384740
385020
385150
385360
386510
387010
387060
387840
387850
388970
364050
389310
389700
390520
298850
390870
390970
391160
391300
391390
391560
391720
391420
392930
274560
314450
355120
394870
331190
395170
395400
395570
382490
396320
396360
397090
397430
397980
397580
391260
397500
407230
398680
398710
398850
399130
400240
400250
400370
401190
401680
402220
365450
403570
403900
405610
405710
406090
406670
406730
406970
340300
340310
371420
407940
408110
409100
409440
409600
332400
410110
388410
462780
410670
412130
412150
412600
341310
396160
399790
413850
414290
225540
414580
415030
415350
415830
415960
416020
416080
416680
418040
418070
414070
418300
420270
420660
420670
420740
420970
422100
422250
423550
423740
423880
424000
424760
424840
425670
428100
428590
428830
428430
429280
428900
429470
429700
430410
431560
375520
431810
432470
431740
433350
433790
433950
434010
434120
434250
434420
434570
434610
434820
434920
400360
436180
436270
437720
437870
438000
438480
439250
439910
439930
440730
440760
440540
441670
441870
443420
443940
444090
444220
444280
444410
444790
444260
443880
357070
446020
446640
447850
447970
448260
448440
448470
448560
448620
448640
448660
448780
449210
449220
449530
449680
448070
450860
452570
452920
453960
454100
454150
455710
457440
457480
407300
457590
457710
457760
457820
457570
458420
460960
461010
461140
461340
461380
461490
461580
461640
461690
461730
461910
462030
462960
463040
463110
463210
463240
463350
464760
465750
466500
466730
466790
466840
466870
466890
467010
467370
467310
468330
469730
469890
470270
470450
471550
473560
473710
473730
473740
474050
474820
474830
475220
476240
476480
477290
477980
482120
338390
482890
484830
269710
485310
485370
485450
485580
485670
485890
485950
486310
486820
487120
487180
487220
487270
487530
489220
489360
489900
490220
490820
491000
491010
491030
491040
491170
491950
492130
493180
493540
493650
493760
493780
495120
491130
495910
496500
496530
496870
496890
496980
497080
497350
497400
498470
498660
498840
273350
501900
502090
502200
502240
502740
502880
503220
503430
503820
504490
503420
505210
505730
506670
506730
507520
508170
508380
508530
508540
508670
508960
509000
508840
509110
509220
509240
509390
509840
509880
509930
415200
511340
511470
511670
511750
512020
513480
513510
513530
513540
513590
513630
513780
513880
514920
514990
515310
515470
515910
518730
518800
520290
312660
521100
521590
521920
521930
521940
521980
522570
523150
523160
523760
523790
523900
524340
517330
524580
525150
525190
525300
526790
527480
527550
527710
527760
527770
527990
528090
529240
529670
529950
531890
532190
533150
533300
533640
533820
534010
535760
536420
536450
537360
538590
539350
539360
539700
539720
539750
540900
541370
542200
542340
542350
542400
542430
543430
543790
489520
545250
545360
545580
545670
545690
546200
546340
546380
546400
529760
546780
546930
547310
547960
549100
211400
550420
550890
551110
551930
552160
552570
552580
552780
553180
553340
553660
554530
555410
555620
555670
555700
555710
555850
555920
555940
556010
556110
556120
556160
556280
557580
557680
557790
558810
559200
560220
560260
560710
558610
562220
562240
562270
562360
562570
562600
562650
563810
429660
566060
565860
565340
566990
567060
567140
567170
567250
521340
567290
567340
568450
568750
569610
569840
569970
570890
571020
571870
572010
422870
574640
574810
574850
575130
575140
575460
575580
575640
575700
575720
575860
575910
575950
576050
576130
576310
576440
576470
576560
576880
577280
577460
577740
463150
578430
578890
579150
580420
580570
580990
581010
581030
581200
581430
581610
581640
581710
581970
582280
582890
583490
583660
583760
584800
584890
585090
585220
585550
585560
585690
585790
585830
585860
585950
586090
586130
586380
586470
586540
586970
587590
580970
587810
587830
588090
588100
588710
588970
590420
351940
591010
591420
592060
593290
593340
594720
595440
596170
596650
596810
597810
599090
599460
600310
600530
601020
601650
602790
602890
602910
602930
603030
603040
603190
603290
603360
603570
604160
604810
604830
605220
605500
605910
607020
607040
607270
607440
608390
608630
608830
498320
610360
610670
610780
610930
611770
611960
611980
598470
600210
614460
614910
614960
616360
617240
617610
617710
618030
618050
618070
618120
618470
618510
618750
619400
619520
619730
619740
620240
621530
622170
622530
623550
623840
204300
9480
627690
628290
628340
628400
628520
628750
628850
628860
631530
631830
632200
634340
635060
635850
635880
636070
636150
636370
638680
236150
643600
643870
644100
645090
305050
218620
342150
654900
659820
661000
679740
323580
680480
683830
365170
368420
113020
713050
718090
15700
308040
734920
742900
749550
757330
231430
236870
368230
319830
793350
209670
825310
203770
232050
853380
439190
866510
871990
480490
878750
334210
914690
696370
927890
304390
402390
510840
963690
638070
1004240
343710
1045050
