4000
620
104700
38830
102700
113400
207230
212070
218230
230410
236390
272350
209870
214420
265630
271290
224260
218620
271590
274560
293540
298240
301520
304050
304930
227940
200110
10
240
730
333740
333930
341500
342200
316390
355070
355180
355840
366890
257400
291550
389300
391420
396160
405610
407230
407530
412470
414530
438100
244930
444090
461140
273350
520860
530700
550650
444200
555570
562590
436520
578080
416040
585030
607200
506540
572520
630100
674940
677620
700330
22350
723780
466240
215830
755790
662320
359550
819500
433850
844870
544920
611500
681660
