220
240
300
6920
2280
17430
1250
550
8190
28000
7520
40800
50300
620
7530
107100
3830
20920
207610
206610
204180
730
211050
218510
215790
7510
218680
1900
215930
1930
224900
6860
203140
223470
214510
227200
227300
236390
214420
232010
44350
228300
234940
234650
35450
242760
41070
12100
12110
12120
12210
242940
244210
218620
253860
253900
253920
253940
253960
254020
254060
254080
254100
242780
242960
242980
258200
242050
49520
217490
259320
259620
259890
207750
261180
252150
40970
263060
263360
264200
209000
242700
265930
259340
270090
271570
34830
222880
277680
278360
239160
22100
48700
48720
279720
282140
283390
96200
284930
284950
351030
285010
286260
286570
258180
233290
290280
292620
294020
294230
295490
286690
287390
303390
311860
312640
313120
313740
313830
200110
315600
265300
317610
318600
238010
203160
321150
321920
258520
400430
322680
232890
307690
326730
289690
331790
305620
332790
333120
319630
339470
340320
340730
340860
341980
342380
343360
344770
345220
301640
346630
347560
348020
346780
287290
351690
357770
360970
365450
218640
296830
366890
371460
322330
372740
374030
375010
375200
377680
378100
381140
383960
383870
385070
385080
294040
386260
291550
387840
388120
313020
364050
287700
389700
234140
390970
391660
394870
244710
275100
225540
397980
391260
397500
407230
400240
400740
402670
403560
403570
406090
55230
206420
301910
407980
409600
410110
412170
412600
341310
396160
399790
414580
415960
416080
421740
422250
423700
426000
427820
428630
428430
431960
391220
434240
434610
438180
440730
441870
443940
444220
444260
365590
447850
447970
448470
448660
448940
449530
450850
562360
636150
451880
453670
453850
454150
454930
457440
457710
457820
459910
460150
461140
461690
461730
461880
462110
462200
462030
463040
463100
463210
463710
466500
466790
466840
467010
467370
467950
468490
471910
473470
473710
477160
477290
477980
480490
482120
50130
484830
485310
485410
485420
485440
485450
485580
485730
486820
302670
487430
487700
489220
490940
491000
493280
494660
495740
495890
496500
496680
496870
497350
499420
499520
486480
501930
502140
503820
505210
506730
507380
507390
507520
508180
508670
509840
509990
512450
513530
513570
513610
513630
514920
515690
518100
521930
521940
521980
522570
292030
524340
526460
526740
527460
527480
527490
527750
527760
527770
528090
528510
528660
530890
532210
532920
533150
533330
533620
535760
539350
539450
540840
540900
537860
542550
543770
543780
543790
489520
545280
545360
545370
546400
546930
547960
551080
551110
551930
552780
554530
555620
555700
555850
555920
555980
556070
556110
556120
556160
556280
556870
557580
557790
558810
562260
562270
562650
562760
460920
566060
566220
567250
567280
567290
567580
567680
571020
571870
422870
574640
575140
575510
575640
575700
575840
576560
576880
578180
578260
579150
580910
580990
581000
581010
581100
581430
581470
581640
581670
581720
208140
582280
582430
582580
236870
583760
585560
585790
585830
586090
586130
586470
586480
586520
586530
586540
586960
586970
587050
587590
580970
587810
587830
588420
588970
351940
591010
591560
591950
593290
524220
596690
599090
601650
602170
602890
602910
603040
603370
603890
605220
605530
605910
607270
608560
610390
610670
610930
611980
613730
600210
614910
616360
506540
618030
618120
618140
619400
619520
620240
621530
622820
623550
623580
627950
628340
628520
628760
629220
631010
631530
631830
634230
635880
636330
552520
644100
204300
645340
645710
638690
648120
427290
651520
654350
654900
655260
655300
656600
656710
661090
661810
663730
670430
673760
675940
633880
678240
679430
679860
685000
685990
691630
697930
233130
554620
365170
707400
707870
708920
709780
710780
368420
113020
713680
715570
715720
15700
308040
720470
720630
727530
450860
731230
732090
337000
745710
749510
241930
307780
753170
754800
756440
368230
765300
769440
772740
319830
775320
776960
778450
783600
620530
788510
790660
379430
793990
794360
796810
798560
34270
228200
34010
209670
801280
802970
265590
804210
805630
805680
806140
809320
810670
811360
816250
817650
818080
826010
826160
827920
828960
832680
835760
203770
841590
844800
845070
846240
270550
863550
439190
490220
209080
391720
883710
961440
967250
343710
