300
20
60
220
360
2990
400
11450
20900
1250
12810
3700
550
24960
8190
8930
620
7530
102200
55150
24240
41070
205790
67370
8650
20920
206610
63380
211050
218510
215790
7510
219640
1900
215930
1930
224900
227300
220440
17080
200210
207230
212070
230410
236390
238960
221040
203160
44350
220200
225360
215530
241320
247020
252490
700580
253860
253880
253900
253920
253940
253960
253980
254060
254080
254100
49520
247120
259320
259360
259830
238430
252150
263360
263860
248820
226840
259340
57300
239200
222880
278360
279640
279720
279740
280140
281750
286690
287390
288160
292380
292910
293180
201810
298360
303390
304930
238090
9900
291480
227940
314830
315060
265300
60600
312150
302510
261640
205990
17570
231740
10
100
240
730
336520
338180
2400
341720
343090
343780
345440
346290
335300
355180
355840
363970
364470
376570
386360
858460
389300
389700
391140
396830
397900
337000
400740
401190
50620
388410
462780
306670
225540
420970
427270
397720
428630
431250
434570
439920
444090
444220
448070
453670
454150
457440
461910
378370
463240
465520
474910
476480
477160
50130
269710
491950
498660
508900
512470
360430
289070
312660
522570
530860
533640
549780
550650
552990
444200
556260
559200
566060
576130
578080
582280
585790
227220
351940
591960
594640
601510
610780
617670
626630
645710
218620
655120
655140
661570
662590
661520
677620
698720
710780
719100
754040
755790
756440
319830
775790
786750
788510
798270
306130
433850
856980
961440
530830
489520
905370
859580
359550
