300
240
280
360
320
380
2100
2130
4000
2620
2630
2640
6860
7800
9050
4580
7670
220
420
11450
7940
4700
12120
9450
17300
17330
17340
500
11240
10090
16730
17470
33130
22330
12460
12810
6060
6000
20900
12710
550
22370
3730
10680
15620
20570
24960
43110
8190
33220
400
33910
33930
27330
50130
8980
22380
42700
42710
12210
12220
22670
47780
42910
34330
70000
620
97100
22350
105600
57900
35450
236830
28050
200110
91310
24240
102600
201870
9200
72850
55230
99300
58610
96800
7830
63940
64000
204860
98300
63380
104900
201790
730
49520
42160
10500
205100
219640
200370
4920
208480
220240
9310
228400
109600
218230
230410
236390
272350
39000
224580
8870
228200
222750
43160
242760
242860
233250
208140
231430
244770
244850
241620
218620
235600
242570
251060
252490
214950
107410
242050
257890
238430
264710
108600
266130
91330
221100
270370
8930
271260
222880
251570
239160
282140
282440
284160
285900
286000
201810
246900
298900
816090
287390
301520
65790
304930
4570
224600
307880
312370
227940
317600
319510
42680
42690
10180
48700
236370
214490
238320
261640
223650
329070
289650
333930
333950
341300
301640
342370
314420
271590
346010
346110
351570
8850
1250
232090
365720
365770
365670
244450
393380
408900
416590
386070
420290
268500
239140
427730
431240
310380
443110
447820
275850
377160
379720
359550
364360
48000
363680
497850
273350
505460
508440
509980
312660
523650
292030
530700
337000
548430
563560
302590
569480
578080
582500
375230
460930
594650
611790
503350
644930
645630
386180
648800
612880
403640
614570
656700
671510
674940
393080
393100
700330
712100
594570
466240
736220
379430
55100
773951
782140
823130
552520
383790
552500
312670
920690
491950
704270
