47870
50300
55100
105600
55150
35000
108200
207610
12750
209080
49520
217490
55230
214510
208090
230410
265630
225260
44350
210770
3910
234650
65930
206420
252950
261110
226840
268870
57300
239200
278360
285160
286570
288060
292910
299500
318600
323850
238320
261640
730
333930
334210
322330
383580
291550
391720
365450
410110
417860
441870
444090
460060
470740
491950
532030
544920
552990
588430
506540
617670
386180
218620
657200
304930
323580
233130
255520
611500
710750
368420
113020
15700
308040
436180
38400
466240
231430
236870
368230
209670
252490
700580
265590
804320
813820
823130
513780
203770
232050
852110
863550
439190
884660
63500
769920
222880
802240
304390
96000
730310
638070
395170
204880
308600
285800
343710
370910
