240
3920
4000
6900
6860
7670
409710
15100
16710
20900
17390
3710
16720
33910
10150
33230
24960
33220
33930
47890
96100
24240
110800
72850
20920
204180
20500
55110
730
200260
203140
217980
219640
225020
208090
212500
236390
262410
265630
224580
8870
43160
224540
8190
10
70
100
220
300
400
550
620
220240
237110
218620
235600
206420
252490
254040
254060
257050
242050
209000
205350
221100
222880
287700
288470
289090
233290
291010
298240
304050
304930
238090
63380
49520
217490
315920
233720
238010
203160
221040
241930
307690
319630
219150
274170
342580
343450
348020
287290
350640
351150
351490
35450
353560
409720
303390
363490
363610
364690
104200
263980
315430
341500
369000
370100
236870
383580
378660
306040
314020
355150
253030
391420
234140
404790
299360
412600
416080
417860
391220
433850
438100
365590
463350
381210
359550
486150
505040
360430
312660
337000
444200
578080
460930
447820
657200
845070
356190
