10
80
220
340
4000
33910
550
8190
47870
50300
620
105600
108710
219640
230410
236390
223710
234650
218620
206420
252950
253980
107410
252150
268870
270850
34870
239160
22100
300220
302830
243470
308000
227940
331470
730
305620
319630
287290
360940
403040
412770
225540
424000
424840
431960
438100
444090
462200
473740
485610
501760
502090
512470
513740
530330
530620
550650
552990
555670
562010
562220
302590
438740
586090
592600
607200
607260
610780
622650
630100
386180
657200
304930
690930
698780
700330
703950
321400
755790
776960
687850
252490
810670
813820
236870
433850
286570
863550
13250
532210
795100
586980
920490
304390
96000
893520
231430
343710
879160
1070330
226840
