4000
550
104200
105600
92100
96100
200110
207610
204180
201790
211050
10
100
240
730
215790
1900
215930
224900
204100
227200
109600
230410
236390
238960
250420
202090
224260
235340
239220
225260
43160
218620
252490
253880
253900
253920
253960
253980
254060
233130
250400
259320
259530
248820
259340
271860
273110
251570
278970
281920
282660
285160
288690
292620
286160
41050
296870
299740
301520
302830
304050
304930
306700
548680
55230
206420
313830
269210
317250
317470
8190
265300
238320
326360
24240
330350
331470
331790
335330
337420
340650
316390
346110
346900
355840
363490
363970
365670
371670
322330
372000
372800
274560
380020
252950
385070
385080
385770
385800
386360
291550
389300
391660
393420
393530
412170
280790
414920
415860
423710
427270
427520
429700
431960
431540
433850
434250
438030
438040
438100
444090
444480
365590
448640
453820
461140
461910
462200
462960
463220
467000
467010
467950
273350
506140
533780
543780
547680
550650
555570
557780
557810
563120
563560
567290
489520
586530
588430
610080
219640
626010
627690
646570
323580
711810
113020
734750
231430
368230
513780
439190
222880
304390
