4000
12320
29800
550
8930
72400
91200
105600
42140
96100
24240
65730
99700
207610
104900
211360
204180
72850
203290
206210
207230
208090
211500
212070
230410
236390
238260
238960
272350
39000
55370
214420
248570
262410
265630
206500
224260
239220
253710
65930
10
20
30
40
50
60
70
80
220
240
280
300
320
340
380
400
420
500
620
730
253030
253650
253980
260410
266430
273110
222880
281920
286940
292570
294160
41050
227780
298240
298260
214190
301480
301520
301750
351030
302250
302830
304930
306830
302380
227700
9480
55230
206420
310370
227940
313830
316010
222900
317250
317400
312150
329110
218620
333930
335240
339600
346630
346900
351150
353550
355070
355840
363970
364270
365670
370100
371670
244050
385770
386360
388490
391720
400240
406210
299360
417860
372820
429700
431960
424280
438100
244930
443580
444090
444620
448780
453190
473770
302670
348840
48000
530620
530700
534500
550650
552990
555570
565340
588430
351940
219640
626680
678550
386180
700330
719730
732730
466240
755790
231430
252490
359550
813820
433850
884660
304390
43110
1046930
