240
4000
1250
34600
33910
33930
8930
65720
47870
50300
620
104200
105600
55150
70600
204120
204880
730
215670
204360
200710
200170
72850
99900
113400
212390
212800
230410
236390
238960
291150
202090
224260
235340
239220
224580
44350
224540
10
70
80
100
220
300
320
340
380
420
550
237110
218620
250900
252490
107410
251170
217490
108600
211820
367540
271590
273110
222880
48700
281990
282440
294100
286160
298050
238460
65790
302830
304050
304930
3130
64000
227940
313740
274170
323850
305620
282070
335300
335330
219740
322330
337410
338180
2400
344040
346120
346900
35450
248610
363970
365720
366890
374320
375200
312530
380840
386510
290340
407330
413150
280790
417860
359550
432020
438100
444090
472680
410970
518150
530700
539730
542972
552620
552990
302590
588650
204300
690510
700330
38400
504370
813820
823130
304390
638070
331470
