220
340
360
380
4000
420
9450
12360
17480
29800
33910
500
550
43110
24960
8190
33930
22490
31280
620
104200
105600
24240
55230
41070
219640
223470
227300
17080
38830
51100
99900
102700
104700
200210
206210
208090
218230
230410
236390
238960
240320
39000
214420
265630
271290
206500
224580
224220
22300
234710
244850
224540
220240
218620
206420
252550
254000
254060
233130
255520
49520
217490
94400
270370
273110
274190
222880
282440
284950
286940
291210
295690
298240
238460
286690
287390
301520
304930
244630
227940
274900
317360
321040
17580
312150
322170
261640
17570
730
333930
338180
342200
316390
35450
356640
360380
360760
320590
365300
238370
371440
380600
385770
378480
391460
299360
388410
462780
225540
420850
431960
438100
444090
8980
729040
377160
379720
359550
530700
533690
550650
555570
578080
578310
588430
375230
610080
506540
643270
386180
394230
504370
823130
553660
231430
1046930
44350
