240
320
70
4000
220
380
400
420
2590
15170
20900
22300
12210
1250
12810
10180
10190
41100
12710
41000
41300
41010
43110
8930
22490
40800
50300
42910
92800
70000
620
105600
200110
113200
72850
201570
205790
204340
102500
208090
20920
211440
730
11450
200510
212680
204360
49520
217490
200710
219640
214170
224540
220440
219890
238960
3910
234650
241600
242760
237110
248820
218620
251060
252270
252490
252950
253980
219990
233130
262060
268910
4500
20510
41700
235460
550
277430
278970
281990
283640
287120
287390
288470
35450
236830
237930
304930
250400
206420
311690
291480
312980
265300
202090
253430
321040
322170
261640
24240
211420
331470
282070
335300
219740
322330
257510
219150
274170
346110
287290
367520
373420
387290
391540
394360
236110
388410
462780
423230
210970
374320
460950
377160
485510
48000
494840
273350
292030
8870
409710
409720
539730
542970
578080
588430
588650
698780
240720
435150
38400
379430
814380
365450
222880
231430
