10
80
300
20
30
40
60
70
130
220
240
280
380
4000
400
500
550
70110
50300
620
105600
55150
202200
49520
217490
227300
13140
55130
206210
212800
230410
223710
265630
224260
242860
239030
262410
265930
269670
273110
224480
274190
225840
48700
303470
304050
304930
302380
310370
312990
9880
227940
322170
327690
261640
331470
730
282070
219150
274170
340810
346900
363970
365670
219740
322330
382490
385770
291550
389570
225540
404960
299360
407250
413150
417860
363600
431960
434570
438100
441870
444090
444880
459820
462930
207140
474830
273350
508900
537860
553790
444200
562360
422870
626010
626680
218620
652980
657200
678800
689750
641990
698780
700330
734750
809960
813820
433850
842310
848540
862180
871720
893030
304390
943380
960090
1026820
