10
80
100
4000
550
8930
48000
102600
203810
97330
63600
63620
63630
63650
63660
208110
201790
49520
730
219640
4500
202970
202990
212910
223470
208090
236390
271290
202090
223750
224260
253710
221380
242760
237110
229580
218620
233840
251570
252330
252670
254020
254100
259360
264200
265210
268910
271590
273110
246620
282660
267550
294160
286690
287390
301520
303610
304930
316010
319510
321800
322170
324470
238320
331120
274940
305620
332700
332800
333930
346110
407530
301640
354140
357780
386880
388090
236110
413850
413856
585281
414700
239140
374320
444200
381210
379720
383150
487720
479130
506610
312660
521890
292030
530620
307780
536930
547680
418370
564900
436520
438740
578080
578310
582280
584210
480490
612470
621060
386180
648800
614570
612880
601430
667720
692100
554620
722960
740290
433850
914620
962400
