300
30
70
130
220
4000
2990
400
420
11450
20900
500
17410
12810
34900
550
8930
620
104200
67370
20920
209080
219150
219640
55230
220440
230410
236390
234650
72850
41070
237110
91310
216250
255220
234670
233130
255520
49520
217490
265930
210770
235460
271590
274170
222880
239160
286810
295690
245620
204360
238460
286690
287390
304930
307230
206420
315430
317250
272510
318600
203160
48700
302510
324800
261640
331470
10
80
240
730
218620
282070
335300
257510
319630
323470
346010
346630
307780
201810
355410
232090
363610
365720
42910
366620
367500
371100
371500
3700
63380
238090
388970
393360
225540
391540
402330
235540
406150
407530
407840
349040
239140
431960
434020
264240
266840
448780
454650
454890
460790
461490
463210
394360
425220
473730
48000
495140
273350
20500
55110
388410
462780
475150
667720
527480
543870
489830
287700
311340
553790
252950
572430
574640
575580
580990
585830
608800
306130
621530
628850
656370
664350
493900
671940
674940
680930
688880
690830
709900
713680
15700
726760
744420
744430
337000
756440
236870
766920
631510
270550
611500
365450
304390
967130
967250
976310
1046930
