12140
12150
22330
20900
35140
8980
12210
12220
20920
24240
12110
12120
21100
202750
200260
49520
203140
8870
34870
203160
228300
91310
216250
70
220
280
300
380
400
420
500
550
620
730
244210
209000
214950
205100
55230
239200
239160
286570
286690
287390
258180
233290
298240
301640
307690
238010
220440
238320
261640
330830
319630
340320
7670
8850
409710
409720
32430
32500
9480
206420
301910
349040
243470
423950
239140
391220
403640
514900
292030
444560
534110
581760
209080
554620
337000
236870
834530
638970
365450
44350
