10
80
300
20
50
70
130
220
340
240
1500
380
1510
1520
4000
400
420
1530
21800
550
50300
55100
620
207610
47410
213650
236390
238960
240320
286080
248570
262410
206500
233450
241600
239030
218620
254020
107410
226840
282660
288160
301520
304930
310370
227940
321040
730
305620
346900
354500
494710
344760
374010
374570
388120
391720
403570
299360
236110
412130
414290
417860
414070
425580
427980
438100
448660
453980
462930
479260
492130
319630
526460
489520
550670
582280
588430
591960
306130
622650
700330
466240
795100
34270
211160
228200
804320
809960
813820
513780
203770
909080
222880
231430
204880
1046930
