4000
550
8190
35140
462780
7520
47780
42910
620
12150
20920
70120
24240
41070
205790
210350
200260
204360
49520
217490
214590
1930
223470
204100
207230
230410
238960
242720
265630
202090
226980
219740
322330
65930
248530
218620
232810
219640
409720
259360
209000
257750
271590
258180
297100
238460
302830
304050
304930
227940
314450
206420
315260
222900
317360
200110
296470
258160
318600
238010
203160
321040
221380
324800
331470
331500
274940
10
80
240
730
334040
339000
340050
340280
348020
349480
335300
238370
354500
494710
361700
361750
329050
312530
252950
386620
390710
391460
393420
363440
225540
287920
299360
208650
427270
427520
432170
391220
438100
374320
444090
465170
490870
273350
337000
292030
524340
530620
307780
534500
550650
557340
360830
578080
375230
355790
594650
619910
234270
700330
15700
750920
504370
611500
761330
236870
783050
359550
265590
804320
631510
433850
552520
570940
286570
270550
439190
878750
880510
222880
304390
654310
601150
961440
976310
231430
1046930
