10
240
4000
550
48190
219150
220240
17080
51100
203290
230410
262410
265630
233270
219640
242700
274170
222880
302830
304930
224600
291480
244630
227940
317360
274940
17570
730
333930
346330
354500
354510
354520
354530
494710
355180
361700
495460
365450
374570
291550
391460
391540
413850
413856
458320
497812
431960
434570
438100
441870
417910
324810
530700
550650
586880
614030
506540
394230
218620
657200
666220
700330
22350
735360
662320
236870
319830
800530
209670
808550
433850
439700
553660
893030
304390
437220
231430
308600
278360
285800
266310
252130
282100
