4540
475150
2500
11200
17390
24740
11340
22200
1250
21690
41000
24960
8190
12220
41010
33930
17410
8930
18400
7520
72400
47870
21100
42910
9930
620
70000
104200
92100
105600
105400
42160
50130
96100
65800
32800
67370
102500
208600
20920
203630
205610
104900
409710
228200
200260
23700
108800
42170
91310
201790
35140
49520
217490
202170
10
240
730
214560
209670
100980
200510
205790
218680
211400
200670
57690
606730
1930
224900
209190
105000
224420
220700
225140
225160
218130
35720
227300
204080
223850
72850
47410
99900
109600
113400
212070
230410
236390
238960
272350
39120
224260
226320
235340
239220
224580
227220
221040
225260
203160
230050
214730
57740
225420
227480
232050
216250
228300
235250
65930
222480
8500
242760
242800
233250
41070
33910
40390
55230
225080
218620
47830
239820
249990
214550
222880
219640
223670
252490
25800
253880
253900
253920
253940
253980
254040
254060
107410
209160
209170
224860
209730
219780
219990
39690
50650
65530
214870
209390
250400
242050
260430
249130
39210
238430
9200
267610
230230
373420
270270
270850
270880
271590
96200
272470
208670
44340
44320
321040
274560
274920
251570
22100
239160
246620
236430
287700
236150
291010
214320
201810
295110
433850
222900
289130
298610
299740
225600
108600
286690
287390
244160
226840
243470
238090
211500
224600
13520
220240
233270
227700
312960
268420
227940
313740
265590
275510
269210
316010
265300
317110
317470
200110
255070
274940
241930
287450
323190
242640
323370
232890
302510
301970
239140
238320
324800
258970
326410
289650
298110
332070
305620
282070
215470
301910
337950
322920
340310
341980
342380
290080
700030
345220
346110
346900
349700
287290
350640
351150
311560
255710
8870
409720
359900
363970
364470
268050
366220
367500
243800
368360
372000
292030
372800
361800
374320
375200
376210
257400
377680
365590
380600
380770
380840
381210
383150
384180
386360
290340
389300
255220
391220
391260
391720
393530
394760
395520
397900
399790
400170
360170
234140
403120
404590
235540
15700
406210
407840
407980
411300
413150
280790
414290
414730
415860
416450
419480
420290
426000
427520
428690
429700
431960
435150
436150
438080
438100
440760
444090
444200
371660
452340
454930
456810
461640
223100
466560
394360
377160
471550
477160
482920
485440
485510
48000
489830
312450
403640
417910
273350
500710
505460
509240
297000
321960
512470
513630
513710
514900
519190
360430
289070
312660
397060
526160
483420
529180
530700
535930
536930
538100
447020
362960
550040
552620
552990
555570
557780
558100
559350
447040
566220
568570
438740
574310
575510
578080
578310
579010
366440
579950
208140
588430
460930
770720
599140
601640
332310
613100
489520
506540
559460
635200
637650
641320
644930
386180
648800
652550
601430
667890
671510
674750
699040
233130
702320
368420
476600
476620
629520
737010
755790
231430
236870
368230
766570
379430
795630
797470
798420
804010
359550
816090
823130
552520
834910
552500
544920
359320
879160
582010
910490
750920
304390
583950
704270
528460
761890
345330
44350
1046930
