10
80
30
70
220
240
4000
380
400
12210
17410
1250
10150
43110
8980
729040
40800
12120
620
105600
20920
65800
25000
201700
63380
209120
50300
104900
209690
204100
115320
205950
220200
49520
57690
12110
34870
212700
203160
11020
17080
99900
109600
113400
200210
206210
207230
208090
218230
230410
238960
243870
209870
237310
239660
248570
250420
262410
265630
216150
239220
247830
253710
8870
215530
206190
242860
224540
246900
255520
265210
207140
251450
252490
245170
107410
233130
257750
261640
262060
262280
265930
211820
267530
270880
550
271590
57300
273110
225840
280160
281990
246620
286940
250560
239430
301520
301640
65790
304030
304930
302380
308040
227700
312990
268420
227940
313740
315640
265300
317360
323370
241930
297120
238320
730
331870
305620
333930
230290
242680
339800
341000
341800
342180
345090
348550
349720
326460
255710
232090
361630
365450
263060
367520
374320
236870
381210
382560
385380
386360
387340
394690
225540
398070
400170
405640
405650
407310
407330
407840
388410
462780
413150
418460
418650
426000
431240
431960
391220
433850
434650
438040
438080
438100
438490
384490
244930
441380
444090
450390
450540
457420
457550
464060
379720
377160
470220
473690
394360
359550
623990
486780
488310
489140
48000
492800
494150
495910
496240
273350
504300
520010
360430
312660
489830
529150
397950
543460
550650
553640
555160
249050
557810
560380
555880
578620
285190
587220
588430
588650
594300
607260
620980
621060
629730
630100
639790
641990
204300
582660
648800
650220
218620
652980
673450
674940
678800
691320
698780
240720
700330
611500
475150
626690
638650
779130
4560
820750
823130
24200
844380
544920
440900
874240
718670
877200
582010
304390
936720
460920
963930
973700
524220
632360
