4000
12120
12320
20900
500
17390
17440
24720
550
8190
12220
33910
33930
8980
47870
400
620
104200
105600
48000
72850
55230
204340
20920
104900
204100
214340
108710
113200
217980
41000
41010
41070
564310
220740
223470
220090
113400
230410
236390
262410
265630
271290
224260
224580
216250
34870
242760
220240
239030
218620
236850
207140
252490
49520
217490
247120
241910
242050
200260
261030
16700
40970
265210
270850
271590
222880
239160
287700
267550
201810
204360
238460
203140
205930
286690
287390
304050
310370
227940
206420
315430
222900
317470
233720
238010
203160
320300
250400
322500
323850
307690
238320
730
298110
305620
337320
219150
274170
301910
349700
255710
355840
356130
359050
361420
365720
365670
322330
374320
219910
255320
314810
257400
383150
385770
386940
387990
388490
389570
394360
399520
400040
402890
238090
298630
388060
299360
407840
412130
280790
413850
458270
497813
225540
417860
428430
239140
427730
431960
434570
435060
438100
244930
443810
444090
381210
468560
377160
474750
50130
359550
214850
488280
502550
507010
509240
512250
312660
292030
524340
533300
447040
402560
438740
575330
578080
460930
356190
603850
612880
613730
619910
629760
632360
645630
403640
674940
641990
713530
15700
466240
236870
379430
488790
812140
814380
433850
552520
845070
646910
1070330
44350
