10
80
4000
6220
220
380
420
2590
17470
17390
24720
3700
8190
8930
47780
42910
70000
620
55230
67370
104900
50300
91310
730
204360
49520
217490
202970
202990
212910
205790
208480
72850
11020
17080
51100
104700
113400
206210
208090
212070
230410
236390
238960
272350
214420
248570
265630
271290
202090
224260
253710
225420
3910
222730
242760
224540
237110
218620
252490
252950
8850
409720
258890
259280
209000
261110
264710
211820
268910
271570
271590
273110
222880
274920
239160
280160
286940
233290
293540
298520
214190
301520
302830
304050
304930
224600
227940
206420
317250
317470
200110
203160
312150
238320
331360
331470
333930
337950
338180
219150
346110
407530
346900
307780
355180
355840
356670
322330
374570
380600
381210
383150
291550
389300
391720
360170
412470
280790
417890
424280
444090
275850
473690
359550
487120
488440
273350
508390
531960
221680
555570
562590
302590
564710
436520
571350
578080
578310
582500
219640
506540
657200
659250
660880
641990
698780
700330
38400
466240
480430
755790
809960
544920
611500
884660
