6200
20900
17450
47730
96000
20920
107100
72850
63380
219910
218680
50620
50650
113420
207230
243870
215100
242720
250600
202090
239220
343450
246280
263540
242920
91310
247020
225080
218620
235600
250620
224460
255320
255390
233130
255520
257830
260410
263980
264360
266490
269490
272060
222880
280160
281690
285800
233290
219740
322330
256290
224480
301190
301200
301640
301860
302180
303790
304930
250400
307230
313020
268420
233720
203160
258520
400430
331120
331470
730
332070
333250
335670
277950
319630
339610
346250
346900
347560
351640
355970
356310
356520
315880
365720
369400
35700
372800
328730
377330
383580
380140
386360
386620
295790
395520
395570
407230
407300
411180
702690
702692
417860
418070
429790
429940
431510
424280
434420
449530
463220
497640
489830
550650
555570
568750
422870
574740
578080
603260
506540
633251
678550
637850
17500
671240
323580
504370
776490
788260
433850
884660
