6860
220
9760
17470
17410
39550
24790
24810
550
41000
33230
41010
620
105600
41070
204340
110800
104900
219640
223470
204100
236390
262410
224260
44350
220240
218620
252490
243800
263060
273110
222880
286690
287390
291010
296470
301520
304050
304930
238090
49520
217490
314020
274940
250400
287450
307690
10
240
730
333930
341310
341500
316390
346010
349700
351140
355150
355180
360170
232090
360480
291550
393420
399790
234140
405610
225540
415860
239140
438100
444090
474750
475150
475550
477160
359550
497850
234630
550650
444200
447040
563560
578080
615610
386180
674750
700330
270550
