4000
20900
23310
1250
20540
228200
6000
32370
41000
564310
8190
33910
33930
8980
64000
92800
70000
107100
42680
42690
24240
201870
201570
104700
205790
20920
65800
10
240
730
212680
214560
49520
217490
55230
219740
322330
202970
202990
212910
42910
35720
212390
230410
231060
236390
238960
272350
235340
245550
224580
225260
204080
242760
233250
91310
216250
107410
231430
218620
206420
214550
252490
253980
245170
262060
263300
263620
211820
268870
550
271590
251570
278970
222900
282440
287700
246900
35450
300040
225600
286690
287390
301520
302830
304930
63380
224600
227700
268420
227940
200110
272510
211420
209650
209660
305620
333600
333930
335300
277950
319630
344760
235540
306130
232090
374320
385800
406210
418460
431960
460870
437220
449800
304390
488280
504370
307780
550650
552500
737010
563560
578080
588430
629760
644560
644930
657200
797470
570940
356190
1046930
