2100
4000
220
17390
17440
24720
1250
11390
620
105600
67370
104900
202970
202990
212910
219780
218740
1930
226120
211280
57690
17080
99900
212070
218230
236390
238960
233630
262410
224540
241600
12100
206420
243950
239820
251690
252950
253900
253980
40970
264220
266050
550
271590
271640
282440
284930
284950
351030
287100
287120
227560
293180
222900
299260
301520
303390
304050
304930
287450
63380
307170
265590
269210
200110
239160
321040
238320
24240
331470
730
346900
348020
255710
355840
361190
363970
292030
375950
380360
385770
386360
291550
388120
389570
390970
253030
397980
377900
403570
413150
414730
422250
431450
432020
438100
444090
444220
462220
463210
466790
468320
468490
478010
485410
485420
487580
487590
487600
489890
489900
490940
491580
496500
496870
497260
498030
498050
500570
500590
501930
505210
508180
513530
513630
514470
514480
518100
521930
526880
527480
527490
528090
532600
535400
542690
542710
542720
542730
542740
544140
547680
555700
556280
556870
557400
567280
567290
567580
583760
586090
586970
596170
605530
610080
612020
219640
614910
621530
629910
204300
386180
218620
504370
764030
611500
270550
