10
70
4000
400
12120
550
40800
47870
620
105600
24240
207610
212630
49520
219150
220820
223470
227300
200210
211500
230410
272350
262410
47890
233720
242760
248820
252490
221910
265930
271590
273110
225840
284160
286690
291210
301520
302830
304050
304930
313120
227940
323320
730
335330
307780
298630
365450
384300
386360
291550
389570
391460
252950
397900
400040
391540
406150
280790
426790
359550
427730
431960
424280
434730
457140
466910
470740
495890
529590
530620
542310
469820
548230
550900
444200
555570
558100
558620
438740
616560
636040
218620
652980
657200
658560
700330
713650
714210
741560
504370
767560
784940
796640
804320
806140
433850
871720
823130
884660
225540
