15100
20900
500
24740
55150
201870
20920
200260
203830
35140
217980
236390
203160
220440
8870
228300
224060
225360
225080
209000
242700
286570
292910
49520
729040
265300
272510
292120
242640
6550
302510
307690
261640
292140
331870
319630
345350
359870
381210
261570
387290
287700
45740
225540
337000
388410
462780
208650
367500
391220
485510
495140
223850
360430
292030
524390
543870
552990
438740
418240
582010
355790
299950
629760
578080
683320
582160
752590
241930
777020
379430
806140
236870
814380
203770
750920
812140
911400
863550
883710
391720
633230
770240
222880
304390
730
601150
950100
955050
491950
638070
395170
976310
231430
308600
524220
1045050
252130
1081510
370910
686810
