1250
50300
620
96000
42160
206980
55150
96100
3830
33180
67370
8650
204880
35000
201700
33100
207610
104900
211010
12750
108710
202750
209080
57690
224900
214510
46260
230410
225260
217920
224220
203160
44350
210770
234650
65930
35450
224060
91310
216250
252490
252950
253650
254040
254060
254100
233130
255520
257830
49520
217490
259280
259320
259360
261110
249130
252150
262280
263060
263860
226840
268870
270550
271570
271590
57300
239200
273770
224480
274190
222880
278360
279640
279720
283390
284930
284990
324060
285010
351030
285050
285070
285160
285800
286360
286570
289090
292370
292410
292570
292910
293180
294020
294230
222900
299460
301690
303390
238090
306350
307070
311860
312990
227940
265590
206420
315060
315330
317250
318600
321040
238320
324800
325090
326120
274940
730
218620
334070
2400
339470
219150
274170
340820
343360
344130
344300
345220
346110
407530
346950
351470
353110
350810
357930
232090
361190
238370
397080
371570
372490
374830
381140
381210
382120
385400
386260
387840
391720
395170
400170
400240
365450
403900
404070
405310
414580
415960
416020
417430
422100
422250
427780
428430
428950
239140
429470
431560
407730
434250
438100
443940
444090
444260
447850
449680
448070
452340
466730
467370
469890
474750
475220
485310
485870
486360
486820
486880
487120
487220
489220
48000
491000
491080
491950
498660
500100
500710
504490
319630
509240
509840
511470
513740
518800
520530
521630
521940
522570
523670
292030
526390
526460
526790
527760
527770
530540
530700
533640
539440
541370
542340
543360
489520
545360
529760
546660
546930
553340
555700
526920
252850
566160
567290
575490
575840
576440
576560
463150
578080
578250
582660
585790
586090
586380
587590
588970
351940
591420
595440
603890
498320
610930
611980
598470
615610
622920
204300
9480
628340
628760
631830
236150
504370
648120
305050
654900
656370
664610
671090
323580
696930
699750
365170
709720
251950
368420
113020
713680
15700
308040
38400
647830
740570
757330
231430
236870
368230
319830
794600
800110
209670
810670
552520
513780
203770
232050
857010
862010
863550
864940
865050
490220
611500
334210
304390
402390
638070
826600
308600
343710
370910
275390
325180
780800
