4000
15170
26500
26800
6020
41500
40700
32440
550
8930
63500
400
620
95300
98200
107200
112100
63000
92800
61310
203810
94200
41800
200900
240
18700
26900
29180
38740
91200
207170
207570
207650
207250
211360
212680
3830
48000
57300
204060
107100
200390
207080
209790
205910
113200
204300
204220
730
214790
72000
215510
209540
200710
214560
220780
55230
220860
221260
219150
61600
7520
227200
65800
219680
35720
219890
17080
99900
200210
212070
230410
236390
238960
223750
230980
227860
233740
233720
224760
234650
57640
208140
241320
248820
214550
251570
252110
252490
252950
107410
49520
221910
264690
230230
373420
211820
271590
244850
278440
240760
404730
281990
286160
290300
292910
294160
206420
238460
237930
299740
300570
108600
244160
304050
306760
8980
311690
312530
312990
317400
317620
296470
261180
320040
297210
322500
323370
323850
257510
342980
343730
343740
346110
346900
351640
235540
285920
365670
6060
369200
370360
376570
382490
385770
386360
386940
291550
394510
396750
402840
404410
407060
409160
322330
427520
433850
436820
437920
438100
244930
420790
230270
444090
396030
446770
327140
386690
448280
447270
449140
450390
275850
452490
452780
455160
455440
310380
457230
457420
457550
462770
462930
396060
361670
471710
477160
269710
496190
499540
500360
402570
531960
547440
551370
8500
567090
571740
578080
590380
608110
228360
632360
304530
674940
677620
716490
504370
813820
1046930
