10
300
50
60
240
3920
4000
220
320
340
380
400
420
500
550
10680
24960
8190
28000
47870
50300
620
96000
7530
107310
55150
96100
35450
236830
57690
70600
42680
42690
24240
110800
111100
104000
206690
208640
17300
108800
211050
209080
218510
208620
204360
49520
217490
202970
202990
212910
215790
7510
211670
205790
215510
222160
1900
1930
224900
223470
55230
6370
13140
36630
38830
51100
99900
99910
102700
104700
105430
106010
108210
109410
109600
113400
113420
200210
201190
201210
201230
203290
206210
207230
208030
208090
211500
212070
212160
212500
212800
213650
215870
218130
218230
219340
221080
227240
230410
231060
234310
236390
238070
238110
238260
238960
263500
272350
280620
286080
248570
250600
265630
245550
253710
34870
232770
16020
32110
210770
65930
204450
224060
91310
216250
239030
253650
253940
253960
253980
254020
243450
255280
72900
242860
233130
255520
257710
252150
262410
264360
9710
260730
266940
268850
270850
273110
34830
271500
224480
222880
278360
239160
283880
284710
284750
284770
284790
284810
285480
286360
286500
286570
286940
287390
288160
291010
291170
267550
293320
293540
295550
295630
295690
245620
222900
298260
299460
299720
301520
302120
303390
303470
303720
304890
304930
305280
306410
270570
256190
227700
9900
91200
236730
251530
252170
294750
311870
312410
291480
9880
227940
269910
314280
206420
315640
316890
317250
317360
200110
226320
293500
258160
318100
203160
321150
322210
302510
307690
324520
325150
326180
326190
261640
328880
274940
730
305620
218620
333930
335240
337320
340070
340270
341980
316390
343170
343930
344440
344910
345090
345750
346140
346330
346900
347430
347610
348730
348870
349500
349700
351150
354500
494710
355840
357290
357770
359810
361850
361930
362890
363330
363970
365300
365670
366590
357070
366890
104200
263980
315430
341500
370660
371460
371670
372210
372930
375250
377290
3700
63380
238090
378100
378270
379530
380020
380580
380600
385360
386360
291550
388620
306040
314020
355150
390940
391000
391300
391460
391420
392970
204180
274560
314450
394280
394540
394760
394870
395930
396790
391260
397500
407230
399890
402840
405610
406210
377160
406870
299360
311210
409090
409160
409420
409600
412150
280790
341310
396160
399790
413850
413854
225540
414660
415830
415840
416080
414070
418950
420740
422250
423550
427550
92100
351490
360380
370510
428100
428280
429470
429490
429700
430020
431710
431960
433950
434420
434610
436160
436390
311860
329000
331790
340650
385070
385080
391660
412170
412210
412290
416040
423710
438010
438020
438030
444460
444480
444490
447920
448630
448640
453820
454890
457820
463210
463220
467000
467010
473470
486150
491650
513590
533820
563120
576120
576130
587790
591560
606330
661120
661670
666260
678820
739410
766940
778840
438100
439250
440760
444090
444220
444260
446640
447890
448400
448440
448780
449210
449530
449540
438480
539720
562360
636150
453740
454150
454220
454870
370070
456430
458480
458710
459820
460960
461140
461520
461640
461950
462570
462580
462960
463350
465520
465720
466730
466890
467430
467950
468490
470600
473740
223100
50130
485370
485420
485450
485580
485730
485950
486810
490820
488280
491170
493580
495110
208520
497400
319630
505210
508180
508670
508900
509110
509220
510650
511140
513620
360430
337000
397060
521590
522090
522890
526740
527420
483420
527990
528660
529950
532030
532920
533300
534500
542400
542660
543430
550650
552390
555620
556130
556280
556870
557890
560720
560730
560740
560750
560760
560820
562220
562670
567280
567290
575460
575640
578250
578310
581220
585690
585830
586280
227220
588420
588430
588970
589770
351940
591420
593290
530070
596870
597230
600140
601510
601640
601650
602170
602890
603150
603190
605520
607440
610080
610360
610660
610670
610780
611980
613100
615610
618030
618140
619520
350640
629840
418460
737230
643980
643890
645090
386180
638690
654990
656370
666220
667360
20500
667720
693880
693890
702910
703530
705070
705420
718090
739980
757240
231430
762590
236870
55100
772670
777160
804320
805940
810670
552520
842150
232050
714010
586980
304390
43110
638070
343710
370910
44350
684680
