10
30
4000
4700
4760
4770
2780
19900
12200
17390
17440
29800
20530
11390
23490
17450
47730
33230
35140
22490
40800
47870
47890
42910
620
104200
105600
96100
107100
24240
113200
55230
41070
22600
20920
104900
108710
209270
730
204360
214510
223330
227300
99900
113400
208090
230410
236390
251670
203160
31280
234710
65930
72850
35720
12110
12120
12210
12220
224540
218620
219640
214950
49520
217490
209000
252150
266010
267060
226840
550
278970
283880
293180
35450
238460
301520
303390
304930
250400
63380
263060
220240
233270
227940
206420
200110
293500
307690
261640
331470
322330
338180
344040
346900
339280
311560
364470
365720
370100
383080
253030
15700
299360
239140
391220
436820
444090
365590
292030
307780
489830
306130
9480
644560
368230
359550
813820
203770
43110
231430
1046930
