300
240
4000
400
20
50
70
130
220
280
320
340
380
420
9480
16730
17390
24740
550
38210
24960
8190
21970
620
105600
31270
96100
24240
113200
41070
564310
104900
91310
209080
10
80
730
204360
17080
47410
51100
99900
104700
109600
113420
200210
206210
212070
212800
218230
230410
236390
238960
272350
223710
233630
248570
250420
271290
224260
239220
241640
253710
263540
208090
35450
244850
224540
239350
218620
206420
219640
222900
252490
252950
233130
257710
266430
211820
221100
270170
271590
273110
34830
34870
274190
222880
237870
225840
278360
285580
286160
286940
201810
295710
298240
301520
302830
304050
304930
238090
63380
224600
307290
270570
227700
55230
310370
311690
291480
312990
9880
313240
227940
269910
315430
316390
317360
317410
317470
321840
238590
221540
326360
326150
331470
333930
335240
250900
342980
343740
346110
333950
351800
355840
235540
359320
232090
361630
363970
292030
380600
380840
381640
382490
291550
391460
393420
393380
405710
236110
413150
280790
219740
322330
359550
438100
244930
107410
365590
461560
379720
273350
530700
307780
552500
555570
558100
8500
562590
563560
578080
578310
587650
375230
601150
506540
679990
700330
714070
466240
368230
611500
231430
761890
