55150
204880
252150
293180
293320
319230
331790
332780
339470
340650
343360
346210
346320
347560
348450
357290
357770
357900
338530
360890
303390
362610
365310
368990
371210
371330
375010
375510
375620
377310
382120
383580
385070
385080
385270
388050
389700
390570
390880
390970
391070
391560
391660
399430
400240
400740
403560
403570
406090
410210
412170
412600
414290
416610
418070
414070
418160
418610
421060
423710
424000
428630
428950
430080
431990
432280
432470
434210
434610
434890
435140
438010
438030
438180
444410
444480
447970
448640
448660
448350
448780
449200
449520
449530
449680
449760
448070
451350
451830
451880
453670
453820
454040
454080
454200
454890
455710
457710
457820
458600
459100
461880
461890
462200
462030
463110
463210
463220
464760
464960
466840
466890
467000
467010
467370
467390
467310
469730
470270
473470
473560
474050
475220
477180
477980
482890
485310
485330
485350
485560
485570
485950
486150
486820
487220
487270
487700
489220
491260
491650
492130
493650
493700
493710
493730
493760
496500
496750
497050
497350
498660
499420
486480
502090
502140
502910
503820
505760
506670
507390
507400
508290
509000
509110
509240
512450
512640
513570
513620
513780
514970
515310
515470
515690
518800
521230
521830
521980
522570
524340
525290
526460
526740
527760
528510
529240
530540
533150
533620
533640
533820
533860
535760
536410
537360
537700
538590
539350
539460
540020
540640
540900
541100
537860
542340
542430
543650
545150
545280
545470
545700
546340
546400
546700
546980
546990
547960
551080
551550
551930
552780
554530
555260
555430
555670
555920
555930
555940
556110
556160
557680
558810
562240
562270
562430
562640
562760
563120
566220
565860
566990
567250
569760
422870
574030
574810
574820
575140
575490
575630
575700
575750
575760
575770
575780
575860
575870
576540
576660
577760
578260
581030
581200
581470
581640
581670
581800
581820
582280
582430
583660
585550
585560
585790
585860
586090
586130
586480
586620
588420
589430
351940
591560
593290
594720
595440
595780
596170
596590
596690
596870
600450
601280
601340
601640
602890
603150
603290
603750
604780
605530
606050
606330
608560
608830
498320
610130
610670
610780
600210
617240
618030
618120
618840
619400
619520
621150
625950
627950
628340
628750
628760
628860
629380
631530
633350
635880
636370
636470
659460
683830
15700
308040
319830
863550
490220
334210
391720
365450
222880
696370
304390
730
96000
491950
402390
510840
730310
43110
638070
395170
231430
308600
285800
343710
404700
370910
