220
240
4000
2290
7670
380
420
12900
16730
29800
550
8850
8190
38600
31280
92800
44320
321040
620
91200
20920
46540
96100
35450
28050
41070
40390
104900
204180
108710
98400
730
215510
212680
214560
211400
57690
1930
55230
219740
322330
43110
229520
227300
204080
99900
113400
208090
236390
251670
204240
225260
224220
230150
8870
233720
234710
234160
65930
72850
224420
239450
206420
244590
218620
209000
253900
253980
255220
215630
255280
238910
233130
257970
49520
252150
264140
265930
221100
12210
271570
203160
273110
273770
274560
275470
277520
278460
281370
246620
282880
283290
283390
43160
284950
285840
286360
287120
1250
289090
291550
292380
295690
296770
297020
203140
301480
301750
303390
303690
63380
314250
314450
315070
318430
238590
24240
334040
337630
343100
343360
346900
364270
365420
364690
368990
370100
375460
306040
355150
382490
398710
400370
414580
428430
34270
448070
461140
478010
486880
489900
491260
498030
514470
542720
542730
542740
591960
219640
723450
1070330
